0 0.250381 0.191102 0.035469 0.046447
1 0.249809 0.262171 0.034325 0.050923
2 0.248856 0.335758 0.033944 0.049245
3 0.248856 0.408786 0.034706 0.052043
4 0.248284 0.482373 0.035850 0.053721
5 0.248284 0.555680 0.035850 0.050364
6 0.247712 0.629827 0.034706 0.053162
7 0.247140 0.704253 0.035088 0.053162
8 0.244088 0.778679 0.037376 0.054281
9 0.244279 0.854505 0.036232 0.054841
10 0.536804 0.203134 0.040046 0.048125
10 0.599924 0.207890 0.037376 0.048685
10 0.709954 0.215165 0.037757 0.046447
10 0.763158 0.219082 0.035088 0.045327
10 0.816552 0.222720 0.036613 0.047006
11 0.537948 0.275042 0.039283 0.048685
11 0.599924 0.277280 0.037376 0.048685
11 0.655988 0.280638 0.037376 0.046447
11 0.710336 0.283716 0.036232 0.045887
11 0.764302 0.287353 0.036613 0.045327
12 0.536423 0.344992 0.040809 0.046447
12 0.655988 0.350028 0.037376 0.046447
12 0.711098 0.352546 0.036995 0.047006
12 0.764874 0.355344 0.036232 0.045887
13 0.537376 0.413822 0.040427 0.046447
13 0.600305 0.416340 0.036613 0.047006
13 0.656560 0.417739 0.036995 0.046447
13 0.711289 0.420257 0.035850 0.044768
13 0.765065 0.422216 0.035088 0.044208
14 0.538902 0.483492 0.037376 0.045887
14 0.601259 0.484891 0.036232 0.046447
14 0.656751 0.486849 0.037376 0.045887
14 0.711480 0.488808 0.036232 0.046447
14 0.766590 0.490487 0.035088 0.045327
14 0.820748 0.492445 0.036613 0.044768
14 0.873760 0.493565 0.035850 0.044768
15 0.538520 0.554561 0.038902 0.047006
15 0.601640 0.555680 0.036995 0.045887
15 0.657704 0.556799 0.038520 0.047006
15 0.712433 0.558198 0.035850 0.046447
15 0.766781 0.559597 0.036232 0.047006
15 0.821701 0.560157 0.036995 0.047006
16 0.538330 0.626189 0.040809 0.047006
16 0.601449 0.627308 0.037376 0.045887
16 0.658276 0.628148 0.038139 0.046447
16 0.713577 0.628707 0.036613 0.045327
16 0.767544 0.630106 0.036232 0.043649
16 0.823417 0.630666 0.037376 0.044768
17 0.538330 0.697538 0.040046 0.047566
17 0.601640 0.697258 0.037757 0.045887
17 0.657704 0.697818 0.037757 0.047006
17 0.713577 0.698937 0.036613 0.045887
17 0.768116 0.698657 0.037376 0.046447
17 0.824371 0.699496 0.037757 0.044768
18 0.537567 0.767487 0.041571 0.047566
18 0.601640 0.766928 0.036995 0.048685
18 0.659039 0.768327 0.037376 0.045887
19 0.537948 0.838556 0.041571 0.053162
19 0.602403 0.836877 0.037757 0.049804
19 0.659420 0.838276 0.038139 0.049245
19 0.715484 0.837997 0.038139 0.048685
