0 0.216493 0.179577 0.032312 0.046810
1 0.217055 0.252486 0.032874 0.050124
2 0.217336 0.324772 0.033436 0.047225
3 0.217336 0.395195 0.033436 0.048053
4 0.217617 0.466446 0.034560 0.047225
5 0.219022 0.537490 0.033436 0.047639
6 0.219865 0.608326 0.034560 0.046810
7 0.221130 0.678542 0.033155 0.046396
8 0.221832 0.748757 0.032874 0.046810
9 0.222534 0.819594 0.033717 0.046810
10 0.501686 0.167357 0.040180 0.049710
10 0.565889 0.166321 0.041023 0.048467
10 0.683900 0.165079 0.041023 0.048467
10 0.742203 0.164664 0.040180 0.048467
10 0.802894 0.163629 0.041304 0.048882
11 0.501545 0.241094 0.039337 0.049710
11 0.566170 0.239437 0.039337 0.047225
11 0.624614 0.238608 0.038213 0.046396
11 0.683759 0.238401 0.040180 0.049296
11 0.742624 0.238401 0.039337 0.048467
12 0.501826 0.313587 0.039899 0.048053
12 0.624754 0.312345 0.039618 0.047225
12 0.683338 0.311309 0.038775 0.047639
12 0.742203 0.311309 0.039618 0.048467
13 0.501545 0.384424 0.039337 0.048882
13 0.564203 0.385253 0.038213 0.047225
13 0.624052 0.383803 0.039337 0.045982
13 0.682776 0.382974 0.038775 0.046810
13 0.741641 0.382767 0.039618 0.047225
14 0.501405 0.454018 0.038494 0.051367
14 0.563922 0.453397 0.039899 0.050124
14 0.623349 0.453811 0.038494 0.050124
14 0.682214 0.453604 0.038775 0.051367
14 0.741641 0.453397 0.038494 0.048467
14 0.801068 0.455675 0.039337 0.049710
14 0.860635 0.454225 0.038775 0.046810
15 0.501686 0.526098 0.040180 0.048053
15 0.564203 0.526926 0.039899 0.048053
15 0.623490 0.526719 0.038775 0.048467
15 0.682776 0.526512 0.041023 0.048882
15 0.741079 0.526719 0.040742 0.049296
15 0.801208 0.526098 0.039618 0.047225
16 0.501405 0.598177 0.039618 0.048053
16 0.563641 0.598592 0.041585 0.048053
16 0.623490 0.598592 0.037651 0.047225
16 0.682917 0.598799 0.040180 0.046810
16 0.740938 0.599420 0.039337 0.046396
16 0.800365 0.599834 0.039618 0.047225
17 0.501405 0.670464 0.039056 0.047639
17 0.564484 0.671085 0.038213 0.047225
17 0.624192 0.670878 0.037932 0.046810
17 0.682214 0.670257 0.038775 0.045568
17 0.740236 0.670878 0.039056 0.045982
17 0.800506 0.671292 0.039899 0.046810
18 0.500562 0.740472 0.040180 0.047639
18 0.564906 0.741094 0.037932 0.046396
18 0.623771 0.741715 0.038775 0.045982
19 0.501405 0.810688 0.040180 0.048053
19 0.565187 0.811723 0.039056 0.047639
19 0.623349 0.811309 0.038494 0.047639
19 0.681793 0.813173 0.039056 0.048053
