0 0.257087 0.798083 0.033573 0.047281
1 0.257299 0.155446 0.032837 0.046741
2 0.257496 0.227560 0.033231 0.048602
3 0.257834 0.728752 0.033909 0.049271
4 0.258231 0.299833 0.032386 0.047350
5 0.257750 0.441814 0.031424 0.048293
6 0.258428 0.513345 0.032779 0.047273
7 0.258428 0.584876 0.032779 0.046252
8 0.258541 0.656552 0.033005 0.048954
9 0.258413 0.370973 0.031592 0.047264
10 0.531141 0.134914 0.038541 0.046844
11 0.594904 0.135575 0.038680 0.048165
12 0.711598 0.134979 0.039294 0.048688
13 0.769881 0.133563 0.040052 0.047573
14 0.829213 0.131848 0.039433 0.047573
15 0.530715 0.207251 0.038848 0.047436
16 0.595162 0.207912 0.039195 0.048756
17 0.652803 0.206720 0.037510 0.046372
18 0.711300 0.206741 0.038697 0.046415
19 0.769884 0.205133 0.038900 0.046630
20 0.530405 0.279069 0.039386 0.050420
21 0.653014 0.277779 0.039091 0.049554
22 0.710967 0.277624 0.039189 0.047530
23 0.768772 0.277333 0.038992 0.046947
24 0.531277 0.349983 0.037655 0.048165
25 0.594262 0.348401 0.038552 0.048431
26 0.652119 0.349717 0.038460 0.047633
27 0.710113 0.348928 0.037481 0.049485
28 0.768775 0.347410 0.040156 0.048165
29 0.530136 0.419485 0.036532 0.049949
30 0.593228 0.421171 0.037643 0.044743
31 0.653428 0.420690 0.034129 0.047213
32 0.709354 0.419704 0.038280 0.046955
33 0.767290 0.418744 0.038344 0.045034
34 0.827380 0.418559 0.038083 0.046381
35 0.886610 0.417796 0.039577 0.046569
36 0.530397 0.491235 0.038211 0.045935
37 0.593263 0.491883 0.038871 0.047230
38 0.651598 0.492333 0.038576 0.051561
39 0.710223 0.490270 0.037701 0.045720
40 0.768205 0.489837 0.039016 0.044854
41 0.826621 0.490502 0.040041 0.049614
42 0.529372 0.564061 0.038477 0.047504
43 0.592982 0.563782 0.037151 0.045232
44 0.650871 0.563302 0.038280 0.045986
45 0.709383 0.564009 0.038338 0.047401
46 0.767965 0.562693 0.037377 0.046484
47 0.827012 0.562843 0.038506 0.045069
48 0.529916 0.635262 0.039566 0.045823
49 0.593078 0.635172 0.043133 0.049074
50 0.652163 0.633709 0.040863 0.047864
51 0.709806 0.634447 0.038025 0.047624
52 0.767577 0.634447 0.038917 0.047624
53 0.826893 0.632449 0.038269 0.045343
54 0.528538 0.705583 0.037968 0.047530
55 0.592965 0.707157 0.037116 0.047247
56 0.651138 0.705862 0.038813 0.048087
57 0.528008 0.778619 0.038066 0.047804
58 0.592632 0.775570 0.038767 0.046852
59 0.650764 0.776557 0.038066 0.047110
60 0.708784 0.776042 0.038298 0.047796
61 0.256051 0.556432 0.041922 0.886449
62 0.890446 0.845069 0.064621 0.098370
