0 0.217805 0.137954 0.037693 0.044003
1 0.220839 0.210277 0.037510 0.057186
2 0.222112 0.291089 0.037974 0.047467
3 0.224464 0.370480 0.039552 0.049675
4 0.225885 0.446713 0.039271 0.052954
5 0.226417 0.521976 0.038250 0.054291
6 0.227281 0.597053 0.037896 0.050827
7 0.229599 0.674247 0.042531 0.051595
8 0.230466 0.819904 0.039057 0.050443
9 0.231354 0.748054 0.039792 0.054453
10 0.520984 0.131315 0.045094 0.063220
11 0.594039 0.135480 0.043286 0.058257
12 0.729086 0.136019 0.042547 0.060812
13 0.797943 0.135233 0.042760 0.063671
14 0.867276 0.136562 0.043927 0.063375
15 0.521000 0.220731 0.046167 0.057415
16 0.594617 0.225417 0.045484 0.056448
17 0.658464 0.222806 0.042969 0.054180
18 0.725620 0.223796 0.038740 0.053205
19 0.794599 0.227057 0.039198 0.056773
20 0.520701 0.301196 0.042443 0.051433
21 0.657492 0.304302 0.043109 0.056167
22 0.723924 0.307589 0.043682 0.055355
23 0.791346 0.307179 0.043109 0.053058
24 0.519255 0.375931 0.045802 0.056145
25 0.591026 0.381241 0.043510 0.054948
26 0.657070 0.384623 0.041224 0.055805
27 0.722349 0.383475 0.038448 0.047600
28 0.789859 0.387230 0.040135 0.050679
29 0.519159 0.453870 0.041443 0.052496
30 0.591604 0.459221 0.043625 0.048427
31 0.655042 0.457806 0.040292 0.052984
32 0.720786 0.460203 0.039490 0.048914
33 0.786469 0.465868 0.039604 0.048427
34 0.854505 0.465868 0.044427 0.048427
35 0.919557 0.468146 0.043281 0.052984
36 0.518510 0.529542 0.041188 0.047267
37 0.589534 0.533006 0.040526 0.052718
38 0.655268 0.536658 0.038661 0.051160
39 0.718044 0.538253 0.041297 0.052873
40 0.783583 0.540587 0.038000 0.051632
41 0.850799 0.543504 0.039099 0.053035
42 0.517070 0.607563 0.042474 0.051167
43 0.589029 0.610233 0.041599 0.050598
44 0.652891 0.612448 0.041198 0.050598
45 0.718159 0.615295 0.040484 0.048907
46 0.781542 0.620185 0.040167 0.048346
47 0.847003 0.620912 0.040880 0.051278
48 0.517271 0.681366 0.041833 0.046632
49 0.590052 0.686876 0.047813 0.053220
50 0.653138 0.690521 0.041693 0.053124
51 0.718292 0.693936 0.041792 0.055524
52 0.779997 0.696148 0.042286 0.052563
53 0.845695 0.696071 0.041391 0.049453
54 0.518010 0.758748 0.042271 0.055162
55 0.588844 0.761326 0.042271 0.048501
56 0.651539 0.763268 0.042661 0.052386
57 0.518898 0.833168 0.041964 0.051861
58 0.587323 0.835805 0.042354 0.054180
59 0.649948 0.838309 0.039479 0.050325
60 0.713185 0.835816 0.040953 0.049771
61 0.224174 0.537987 0.079599 0.923833
62 0.917188 0.913179 0.053125 0.090761
