0 0.249326 0.781382 0.028343 0.053431
1 0.250365 0.708071 0.029234 0.054364
2 0.253714 0.280880 0.033557 0.044427
3 0.253204 0.355236 0.032536 0.050916
4 0.253459 0.422009 0.033046 0.051129
5 0.252188 0.563089 0.030505 0.048844
6 0.252951 0.634622 0.032031 0.053244
7 0.254243 0.141520 0.033426 0.048373
8 0.252464 0.494982 0.029869 0.051298
9 0.254308 0.214324 0.029994 0.048204
10 0.521363 0.124631 0.037975 0.044818
11 0.585778 0.120493 0.039727 0.043653
12 0.701740 0.118756 0.037684 0.047289
13 0.759088 0.119329 0.038367 0.041324
14 0.818011 0.117244 0.039822 0.042489
15 0.522081 0.193569 0.038224 0.045804
16 0.585828 0.193622 0.039828 0.045911
17 0.642696 0.192627 0.039549 0.045698
18 0.700751 0.189960 0.039270 0.045698
19 0.759368 0.191160 0.038925 0.046320
20 0.521977 0.262071 0.040392 0.049476
21 0.642735 0.262924 0.038438 0.047627
22 0.701131 0.262729 0.037654 0.047236
23 0.759578 0.261560 0.039347 0.044898
24 0.521283 0.333400 0.037815 0.048133
25 0.584638 0.333129 0.038634 0.049369
26 0.642568 0.331289 0.039293 0.049244
27 0.701128 0.330822 0.037648 0.046533
28 0.759970 0.330711 0.042506 0.049867
29 0.521235 0.404671 0.037720 0.046676
30 0.584106 0.404409 0.038759 0.046151
31 0.642592 0.402809 0.038153 0.044729
32 0.700291 0.403391 0.039537 0.045893
33 0.759804 0.402307 0.039798 0.045502
34 0.818073 0.402569 0.038759 0.046027
35 0.877901 0.401227 0.040837 0.045120
36 0.520754 0.474458 0.039133 0.047582
37 0.584846 0.473173 0.039050 0.045013
38 0.643031 0.474191 0.037844 0.045271
39 0.701235 0.473836 0.039050 0.049893
40 0.759644 0.473320 0.039477 0.048862
41 0.819376 0.473836 0.041366 0.049893
42 0.521226 0.547547 0.037702 0.047982
43 0.584721 0.546987 0.037613 0.050418
44 0.642360 0.545084 0.038878 0.048391
45 0.701425 0.547818 0.038242 0.048524
46 0.759421 0.546938 0.041407 0.046764
47 0.819528 0.546173 0.042856 0.048791
48 0.519682 0.619293 0.038177 0.049253
49 0.585526 0.619400 0.035659 0.053022
50 0.642289 0.620093 0.038735 0.047298
51 0.700125 0.616884 0.039204 0.047991
52 0.759020 0.618991 0.040606 0.046871
53 0.819682 0.617653 0.040790 0.049529
54 0.520006 0.690822 0.038824 0.048311
55 0.585353 0.689729 0.042441 0.047902
56 0.642521 0.689729 0.039198 0.047902
57 0.520184 0.762489 0.037993 0.047644
58 0.584246 0.761551 0.039038 0.049324
59 0.642441 0.760933 0.039038 0.048089
60 0.700410 0.762876 0.037399 0.046640
61 0.254394 0.538471 0.031354 0.863609
62 0.888934 0.835080 0.062904 0.084382
