0 0.298904 0.212127 0.049625 0.035388
1 0.371898 0.212326 0.049048 0.035785
2 0.154934 0.211730 0.050202 0.034592
3 0.226774 0.212326 0.049625 0.034990
4 0.444316 0.214513 0.048471 0.034592
5 0.514426 0.214911 0.047894 0.034592
6 0.804962 0.215706 0.049625 0.035388
7 0.660415 0.216302 0.047894 0.034195
10 0.811021 0.508549 0.049048 0.039761
11 0.811021 0.573757 0.050202 0.040557
12 0.811021 0.692644 0.049048 0.039761
13 0.811310 0.751690 0.048471 0.040159
14 0.811021 0.811928 0.047894 0.039761
15 0.738604 0.506759 0.048471 0.038569
16 0.738604 0.572565 0.048471 0.039761
17 0.738604 0.633002 0.048471 0.039761
18 0.738604 0.692445 0.048471 0.039364
19 0.738604 0.750696 0.048471 0.039761
20 0.667628 0.507157 0.048471 0.039364
21 0.666763 0.632207 0.047894 0.038966
22 0.666763 0.691451 0.047894 0.038966
23 0.666763 0.750696 0.047894 0.039761
24 0.596365 0.506163 0.047894 0.039761
25 0.595211 0.571769 0.050202 0.039761
26 0.594922 0.632008 0.049625 0.039364
27 0.595211 0.691252 0.049048 0.038569
28 0.595211 0.749702 0.049048 0.040159
29 0.523658 0.505169 0.047894 0.040954
30 0.523370 0.570577 0.048471 0.039761
31 0.523370 0.630219 0.047317 0.038171
32 0.523658 0.690060 0.047894 0.039364
33 0.523081 0.749702 0.049048 0.038569
34 0.522793 0.809940 0.049625 0.038966
35 0.524235 0.869583 0.049048 0.038966
36 0.453837 0.504970 0.049048 0.041352
37 0.453260 0.570775 0.049048 0.040159
38 0.452106 0.630417 0.047894 0.038569
39 0.451529 0.689463 0.047894 0.039761
40 0.452683 0.749304 0.049048 0.039364
41 0.452395 0.810338 0.049625 0.040557
42 0.379688 0.504175 0.049625 0.041352
43 0.380554 0.569980 0.049048 0.040159
44 0.379400 0.630219 0.049048 0.038171
45 0.379400 0.689463 0.049048 0.039761
46 0.378534 0.748509 0.048471 0.039364
47 0.378246 0.809145 0.047894 0.039761
48 0.307848 0.504175 0.047894 0.038966
49 0.307559 0.569384 0.049625 0.039761
50 0.307271 0.629821 0.049048 0.038966
51 0.306982 0.689264 0.048471 0.040159
52 0.306117 0.748111 0.047894 0.038569
53 0.305828 0.808748 0.047317 0.039761
54 0.235141 0.503579 0.049048 0.040159
55 0.234853 0.569384 0.049625 0.038966
56 0.234853 0.629622 0.047317 0.040159
57 0.163301 0.503380 0.049625 0.039761
58 0.163301 0.569185 0.049625 0.040159
59 0.163012 0.629026 0.050202 0.038171
60 0.162724 0.688270 0.048471 0.038966
61 0.455280 0.214712 0.785920 0.045328
62 0.093768 0.875547 0.090594 0.062823
