0 0.229167 0.762014 0.035417 0.050343
1 0.228646 0.834859 0.034375 0.049580
2 0.230208 0.617086 0.035417 0.048818
3 0.229948 0.689550 0.034896 0.048818
4 0.232292 0.544622 0.035417 0.048818
5 0.232031 0.474066 0.034896 0.048055
6 0.232031 0.401602 0.034896 0.048055
7 0.233333 0.328375 0.034375 0.049580
8 0.233594 0.257056 0.034896 0.048818
9 0.235156 0.185355 0.034896 0.048818
10 0.522396 0.179634 0.040625 0.048055
11 0.585938 0.179252 0.039583 0.047292
12 0.702083 0.180015 0.039583 0.048818
13 0.759635 0.180397 0.038021 0.048055
14 0.818490 0.180397 0.039062 0.048055
15 0.521615 0.250953 0.039062 0.047292
16 0.585156 0.252860 0.039062 0.049580
17 0.643490 0.250953 0.039062 0.045767
18 0.701562 0.250572 0.037500 0.046529
19 0.759115 0.251335 0.038021 0.046529
20 0.521354 0.319603 0.039583 0.050343
21 0.643490 0.320366 0.039062 0.050343
22 0.701302 0.321129 0.038021 0.048818
23 0.759375 0.321892 0.038542 0.047292
24 0.521354 0.391686 0.039583 0.048055
25 0.584896 0.391304 0.038542 0.048818
26 0.642969 0.391686 0.039062 0.048055
27 0.701042 0.392067 0.038542 0.048818
28 0.759115 0.392067 0.039062 0.048818
29 0.519792 0.464150 0.039583 0.048055
30 0.583854 0.463768 0.038542 0.047292
31 0.643229 0.463387 0.037500 0.048055
32 0.700781 0.463387 0.038021 0.048055
33 0.759375 0.462624 0.037500 0.048055
34 0.817969 0.462624 0.038021 0.046529
35 0.875260 0.462624 0.038021 0.048055
36 0.519531 0.534706 0.039062 0.048818
37 0.583594 0.535469 0.039062 0.048818
38 0.643490 0.535088 0.038021 0.048055
39 0.700781 0.534706 0.038021 0.048818
40 0.759115 0.533944 0.038021 0.048818
41 0.817708 0.532799 0.038542 0.048055
42 0.518750 0.607933 0.040625 0.048818
43 0.583854 0.607170 0.038542 0.048818
44 0.643229 0.607170 0.038542 0.048818
45 0.700781 0.607551 0.039062 0.048055
46 0.758854 0.607551 0.038542 0.048055
47 0.817708 0.607170 0.038542 0.048818
48 0.519271 0.680778 0.039583 0.049580
49 0.583594 0.681159 0.038021 0.050343
50 0.642969 0.680015 0.039062 0.049580
51 0.700521 0.680015 0.038542 0.049580
52 0.758854 0.679634 0.038542 0.048818
53 0.817969 0.679252 0.038021 0.048055
54 0.518490 0.753242 0.039062 0.049580
55 0.583333 0.751716 0.038542 0.048055
56 0.643229 0.750572 0.038542 0.047292
57 0.518490 0.823036 0.039062 0.050343
58 0.583073 0.821892 0.039062 0.051106
59 0.642969 0.821892 0.039062 0.049580
60 0.701042 0.822273 0.038542 0.048818
61 0.231250 0.570175 0.046875 0.859649
62 0.887240 0.887872 0.054688 0.086957
