0 0.230137 0.356330 0.034703 0.049565
1 0.229680 0.212994 0.033790 0.044206
2 0.230365 0.285332 0.034247 0.049565
3 0.230822 0.430676 0.033333 0.046885
4 0.231963 0.500670 0.034703 0.051574
5 0.232192 0.572672 0.034247 0.048225
6 0.233333 0.643670 0.032877 0.050904
7 0.233562 0.715673 0.033333 0.051574
8 0.234018 0.785332 0.034247 0.051574
9 0.235160 0.860013 0.033790 0.052244
10 0.517580 0.203952 0.040639 0.047555
11 0.580822 0.203282 0.038356 0.047555
12 0.695890 0.202947 0.039269 0.048225
13 0.752740 0.202947 0.038813 0.048225
14 0.811644 0.201942 0.038813 0.046216
15 0.517123 0.276289 0.039726 0.047555
16 0.581050 0.276289 0.037900 0.047555
17 0.639726 0.276289 0.039269 0.046216
18 0.696119 0.275620 0.037900 0.046216
19 0.754110 0.274950 0.040639 0.047555
20 0.516438 0.346952 0.042009 0.045546
21 0.639726 0.346618 0.039269 0.046216
22 0.696347 0.346283 0.037443 0.046885
23 0.753653 0.345613 0.039726 0.046885
24 0.517808 0.417616 0.040183 0.046216
25 0.581507 0.416946 0.036986 0.047555
26 0.639954 0.415941 0.039726 0.046885
27 0.696575 0.415941 0.036986 0.045546
28 0.753881 0.415271 0.039269 0.046885
29 0.518493 0.487609 0.040639 0.045546
30 0.582648 0.486604 0.036530 0.046216
31 0.639726 0.485934 0.038356 0.044876
32 0.697032 0.485934 0.035160 0.044876
33 0.754338 0.484595 0.038356 0.044876
34 0.811644 0.483925 0.036986 0.044876
35 0.868950 0.483925 0.038356 0.046216
36 0.519406 0.558272 0.038813 0.047555
37 0.582420 0.556932 0.038813 0.046216
38 0.641096 0.555928 0.039269 0.045546
39 0.697260 0.555593 0.037443 0.044876
40 0.754338 0.555593 0.038356 0.044876
41 0.811416 0.553918 0.039269 0.045546
42 0.520091 0.629605 0.039269 0.046885
43 0.582648 0.628935 0.039269 0.045546
44 0.641324 0.627595 0.038813 0.045546
45 0.697717 0.626926 0.038356 0.045546
46 0.754338 0.625921 0.039269 0.044876
47 0.812329 0.625251 0.039269 0.044876
48 0.520320 0.698928 0.037900 0.047555
49 0.583105 0.698259 0.038356 0.046216
50 0.641096 0.697254 0.038356 0.046885
51 0.697945 0.696584 0.039726 0.045546
52 0.755023 0.695914 0.039726 0.045546
53 0.812785 0.694910 0.039269 0.044876
54 0.520776 0.767247 0.037900 0.047555
55 0.583333 0.767582 0.036986 0.046885
56 0.640868 0.767247 0.038813 0.046216
57 0.520776 0.837575 0.037900 0.048895
58 0.583562 0.835901 0.038356 0.048225
59 0.641096 0.835566 0.038356 0.047555
60 0.699087 0.835231 0.038356 0.046885
61 0.232192 0.578701 0.047032 0.821165
62 0.883790 0.897167 0.050685 0.078326
