0 0.665780 0.226040 0.048962 0.035443
1 0.813731 0.225497 0.046833 0.034358
2 0.521022 0.225678 0.050027 0.033996
3 0.738691 0.225497 0.050027 0.033635
4 0.593135 0.226221 0.047366 0.034358
5 0.374933 0.226944 0.048430 0.033635
6 0.304417 0.227125 0.047898 0.033996
7 0.231506 0.227486 0.048962 0.034720
8 0.447578 0.227306 0.045769 0.033635
9 0.157265 0.226944 0.047366 0.032911
10 0.835019 0.516456 0.047898 0.040506
11 0.834486 0.580651 0.048962 0.038698
12 0.833688 0.696203 0.047366 0.039060
13 0.833156 0.753526 0.047366 0.038698
14 0.831825 0.811754 0.047898 0.040145
15 0.762108 0.516094 0.050027 0.040506
16 0.761575 0.580651 0.047898 0.040145
17 0.761575 0.638879 0.046833 0.037251
18 0.760777 0.696383 0.047366 0.037975
19 0.761043 0.754430 0.046833 0.042676
20 0.689729 0.515371 0.046833 0.042676
21 0.689729 0.637613 0.047898 0.038336
22 0.689995 0.696383 0.047366 0.038698
23 0.689462 0.753345 0.046301 0.038336
24 0.620277 0.516275 0.048430 0.038698
25 0.619745 0.579385 0.046301 0.037613
26 0.619478 0.637432 0.045769 0.037975
27 0.620011 0.695660 0.047898 0.037251
28 0.619478 0.752984 0.046833 0.037613
29 0.548696 0.516275 0.048962 0.037975
30 0.548696 0.579204 0.047898 0.037975
31 0.548430 0.637432 0.047366 0.039421
32 0.548430 0.695298 0.047366 0.036528
33 0.548696 0.753526 0.046833 0.038698
34 0.548696 0.810850 0.047898 0.037613
35 0.548430 0.867993 0.048430 0.039060
36 0.479510 0.516456 0.047898 0.037613
37 0.477382 0.578481 0.048962 0.037975
38 0.477115 0.637071 0.048430 0.037975
39 0.477382 0.694937 0.046833 0.037975
40 0.477382 0.752260 0.046833 0.036890
41 0.478446 0.811392 0.047898 0.038698
42 0.405535 0.515732 0.047898 0.040506
43 0.403406 0.579204 0.048962 0.037975
44 0.404470 0.637794 0.050027 0.037975
45 0.405801 0.695479 0.048430 0.037613
46 0.406865 0.752260 0.048430 0.038336
47 0.407131 0.810850 0.047898 0.039060
48 0.333156 0.516094 0.047898 0.039060
49 0.333156 0.579204 0.047898 0.037975
50 0.333954 0.637794 0.047366 0.037975
51 0.335019 0.695660 0.046301 0.037975
52 0.335285 0.752441 0.046833 0.037251
53 0.335019 0.810669 0.047366 0.037975
54 0.262374 0.516275 0.046833 0.038698
55 0.262374 0.579204 0.046833 0.037251
56 0.263172 0.638517 0.047366 0.037975
57 0.192123 0.516637 0.047898 0.037251
58 0.192123 0.579566 0.046833 0.037975
59 0.192390 0.637432 0.047366 0.037251
60 0.193188 0.695841 0.047898 0.038336
61 0.441458 0.225497 0.871208 0.048825
62 0.128526 0.872693 0.085684 0.065819
