0 0.228952 0.820248 0.038882 0.050964
1 0.229274 0.746556 0.037596 0.050505
2 0.229434 0.671258 0.037275 0.052342
3 0.229916 0.598714 0.036311 0.048669
4 0.229916 0.525482 0.036311 0.047291
5 0.230238 0.453857 0.035668 0.050046
6 0.230238 0.384068 0.035026 0.046373
7 0.230559 0.314738 0.035026 0.047291
8 0.231362 0.174013 0.035990 0.048669
9 0.231202 0.244031 0.035026 0.048209
10 0.517674 0.178375 0.042416 0.045455
11 0.580977 0.179293 0.039203 0.044536
12 0.692159 0.181818 0.037918 0.043159
13 0.746787 0.182966 0.037918 0.043618
14 0.802057 0.184343 0.039203 0.042700
15 0.519923 0.245409 0.038560 0.045455
16 0.582102 0.246327 0.038882 0.045455
17 0.638978 0.247245 0.037596 0.043618
18 0.694248 0.247704 0.036954 0.044536
19 0.749197 0.249311 0.038239 0.044077
20 0.521369 0.313131 0.037596 0.044995
21 0.641228 0.314509 0.038882 0.043159
22 0.696337 0.314050 0.037275 0.042241
23 0.751607 0.314738 0.037918 0.043618
24 0.522172 0.379477 0.038560 0.047291
25 0.584833 0.379706 0.037275 0.044995
26 0.642192 0.379706 0.036954 0.044077
27 0.698425 0.379936 0.036954 0.043618
28 0.754177 0.380165 0.038560 0.043159
29 0.522815 0.448806 0.038560 0.045455
30 0.586118 0.448347 0.037918 0.044536
31 0.643798 0.448347 0.036954 0.042700
32 0.700193 0.448118 0.037275 0.043159
33 0.756909 0.447429 0.038239 0.042700
34 0.812339 0.446970 0.037275 0.042700
35 0.866485 0.446740 0.037596 0.044077
36 0.524261 0.515381 0.038882 0.047291
37 0.587564 0.516070 0.038882 0.044995
38 0.645887 0.516070 0.037918 0.044995
39 0.702603 0.515152 0.039524 0.046832
40 0.758837 0.515152 0.039524 0.045914
41 0.815713 0.515840 0.039524 0.044536
42 0.525868 0.587695 0.039524 0.047750
43 0.589171 0.586088 0.038882 0.046373
44 0.647976 0.586547 0.037596 0.044536
45 0.704852 0.585170 0.038882 0.046373
46 0.761086 0.585399 0.038239 0.044077
47 0.817963 0.583792 0.037596 0.045455
48 0.527314 0.660468 0.040488 0.049128
49 0.591420 0.657025 0.039524 0.045914
50 0.650064 0.656566 0.038560 0.045914
51 0.707744 0.654500 0.038882 0.046373
52 0.762693 0.653352 0.038239 0.045914
53 0.820373 0.652663 0.037275 0.045455
54 0.527956 0.729339 0.040488 0.047291
55 0.593509 0.728191 0.039203 0.051423
56 0.652474 0.726814 0.038239 0.047750
57 0.529081 0.801423 0.040810 0.049128
58 0.594794 0.800046 0.040488 0.049128
59 0.653920 0.799128 0.038560 0.050046
60 0.711600 0.797521 0.039524 0.050505
61 0.229434 0.566575 0.049486 0.861341
62 0.897172 0.853988 0.056555 0.083549
