0 0.176487 0.221892 0.050584 0.033395
1 0.249027 0.222449 0.052251 0.033766
2 0.321845 0.223933 0.050028 0.033766
3 0.394108 0.224304 0.048916 0.034508
4 0.464981 0.225046 0.048360 0.035250
5 0.537243 0.225788 0.048360 0.033024
6 0.609505 0.226160 0.046137 0.033766
7 0.827960 0.226902 0.049472 0.035250
8 0.681490 0.226902 0.047804 0.034508
9 0.754864 0.227458 0.050028 0.033395
10 0.831295 0.510204 0.047248 0.040074
11 0.829628 0.573655 0.048360 0.038590
12 0.826014 0.688126 0.047804 0.038219
13 0.825459 0.745083 0.047804 0.040074
14 0.824347 0.803896 0.047804 0.040445
15 0.757087 0.509462 0.048916 0.039332
16 0.755976 0.572171 0.047804 0.039332
17 0.754864 0.631169 0.046693 0.037106
18 0.753752 0.687941 0.047804 0.038590
19 0.752918 0.745269 0.048360 0.039703
20 0.685937 0.510390 0.050028 0.037477
21 0.683435 0.629499 0.051695 0.038961
22 0.682601 0.685900 0.050028 0.036735
23 0.682046 0.744341 0.048916 0.038590
24 0.614230 0.509276 0.051140 0.036735
25 0.612563 0.570686 0.052251 0.037106
26 0.612285 0.629128 0.050584 0.037477
27 0.611451 0.685714 0.048916 0.037848
28 0.611451 0.744341 0.048916 0.038590
29 0.543357 0.507050 0.047248 0.039703
30 0.541968 0.570130 0.046693 0.037477
31 0.541134 0.628200 0.046137 0.037106
32 0.539744 0.685158 0.045581 0.036735
33 0.538633 0.743414 0.046693 0.038219
34 0.537799 0.800742 0.048360 0.037848
35 0.536409 0.858627 0.048916 0.038590
36 0.471373 0.506865 0.048916 0.038590
37 0.469983 0.569388 0.049472 0.038961
38 0.469705 0.628200 0.047804 0.038590
39 0.468316 0.684601 0.046137 0.037848
40 0.466926 0.741929 0.045581 0.039703
41 0.466648 0.800928 0.046137 0.039703
42 0.398277 0.506308 0.048360 0.039703
43 0.397443 0.569202 0.047804 0.038590
44 0.396887 0.627273 0.047804 0.037477
45 0.395497 0.684416 0.047248 0.037477
46 0.394108 0.742486 0.047804 0.038590
47 0.392996 0.801299 0.047804 0.038961
48 0.327126 0.506308 0.047248 0.038961
49 0.326014 0.568831 0.047248 0.037848
50 0.325181 0.627273 0.046693 0.038219
51 0.323513 0.683673 0.046693 0.037477
52 0.322679 0.741558 0.048360 0.038219
53 0.321012 0.800371 0.047248 0.038590
54 0.255976 0.505009 0.049472 0.039332
55 0.255420 0.568089 0.049472 0.037848
56 0.253196 0.626716 0.047248 0.037106
57 0.183435 0.504824 0.052251 0.035993
58 0.180378 0.567718 0.053919 0.036364
59 0.181490 0.625974 0.051695 0.036364
60 0.181490 0.684416 0.050584 0.035250
61 0.441078 0.223562 0.863257 0.043414
62 0.105892 0.869759 0.093941 0.059369
