0 0.193413 0.232613 0.052274 0.034234
1 0.266858 0.234054 0.049660 0.034955
2 0.339780 0.235676 0.050183 0.034595
3 0.411918 0.236036 0.049137 0.034595
4 0.483272 0.237297 0.049660 0.033514
5 0.552274 0.237117 0.049660 0.033153
6 0.691584 0.237838 0.049137 0.032432
7 0.623105 0.238198 0.049137 0.032432
8 0.760847 0.238018 0.048615 0.032072
9 0.830633 0.239820 0.052274 0.033514
10 0.835860 0.521982 0.047047 0.037838
11 0.836121 0.584505 0.047569 0.038198
12 0.836905 0.698739 0.048092 0.038919
13 0.838996 0.755495 0.046001 0.037838
14 0.839519 0.813694 0.046001 0.039640
15 0.767904 0.521441 0.046001 0.038198
16 0.768165 0.584324 0.045478 0.038559
17 0.768949 0.642342 0.044956 0.037838
18 0.768949 0.699099 0.046001 0.037477
19 0.770779 0.757117 0.046524 0.038919
20 0.698641 0.522162 0.046524 0.037477
21 0.700470 0.642342 0.046001 0.038559
22 0.701255 0.700360 0.045478 0.040000
23 0.702300 0.757838 0.046524 0.039640
24 0.632253 0.521982 0.046524 0.038559
25 0.632253 0.585045 0.046524 0.038559
26 0.632776 0.643243 0.046524 0.037477
27 0.633298 0.701261 0.046524 0.038198
28 0.634605 0.759459 0.046001 0.038559
29 0.562990 0.521982 0.046001 0.039279
30 0.562729 0.586126 0.044433 0.037838
31 0.563513 0.644505 0.043910 0.037838
32 0.564036 0.701982 0.044956 0.038198
33 0.564820 0.760541 0.046524 0.039279
34 0.564820 0.819099 0.047569 0.038198
35 0.565081 0.877838 0.047047 0.038919
36 0.492943 0.521802 0.046001 0.039640
37 0.492943 0.586126 0.047047 0.039279
38 0.494511 0.645045 0.044956 0.038198
39 0.494773 0.703063 0.046524 0.039640
40 0.494511 0.761081 0.046001 0.041081
41 0.494773 0.820901 0.048615 0.041081
42 0.421850 0.522342 0.046001 0.039279
43 0.421850 0.587748 0.046001 0.038919
44 0.422112 0.646306 0.046524 0.039279
45 0.423157 0.704505 0.047569 0.038919
46 0.422896 0.762883 0.047047 0.038919
47 0.423157 0.823243 0.047569 0.040000
48 0.350497 0.523243 0.046524 0.038919
49 0.350758 0.587387 0.046001 0.040360
50 0.350758 0.647928 0.044956 0.038919
51 0.350235 0.706306 0.046001 0.038198
52 0.351281 0.764685 0.047047 0.039640
53 0.351803 0.824324 0.046001 0.040000
54 0.279143 0.523423 0.048092 0.040000
55 0.279143 0.588649 0.047047 0.039279
56 0.278359 0.648649 0.047569 0.038919
57 0.207005 0.523604 0.052274 0.038919
58 0.208050 0.589550 0.049137 0.038919
59 0.207789 0.649369 0.048615 0.038198
60 0.206743 0.708829 0.047569 0.039640
61 0.437794 0.234414 0.868270 0.047928
62 0.144276 0.898018 0.100366 0.066306
