0 0.219442 0.193686 0.033231 0.049488
1 0.220779 0.267918 0.032850 0.048919
2 0.221543 0.342150 0.032850 0.048350
3 0.222498 0.413254 0.033231 0.048350
4 0.224026 0.555176 0.033995 0.048919
5 0.223644 0.483788 0.033231 0.051763
6 0.224599 0.626849 0.033613 0.048919
7 0.225745 0.697668 0.034377 0.050626
8 0.226509 0.769056 0.033613 0.051195
9 0.227464 0.841297 0.033995 0.050057
10 0.503820 0.178612 0.042781 0.050057
11 0.567991 0.177190 0.040489 0.050626
12 0.685638 0.173493 0.039725 0.050057
13 0.744843 0.171786 0.039725 0.050057
14 0.804813 0.169511 0.039725 0.050057
15 0.504584 0.253697 0.039725 0.048919
16 0.568564 0.250853 0.039343 0.047782
17 0.627578 0.249147 0.038961 0.047782
18 0.686020 0.247440 0.039725 0.047782
19 0.745225 0.246018 0.040489 0.049488
20 0.504775 0.325654 0.039343 0.049488
21 0.627005 0.322810 0.039343 0.049488
22 0.686020 0.321104 0.039725 0.048350
23 0.745225 0.319681 0.039725 0.048919
24 0.504966 0.397327 0.038961 0.049488
25 0.568946 0.395904 0.038579 0.047782
26 0.627578 0.394482 0.038197 0.048350
27 0.686211 0.393060 0.038579 0.048919
28 0.745225 0.392207 0.039725 0.048350
29 0.506303 0.468146 0.040107 0.048919
30 0.570092 0.467577 0.040107 0.048919
31 0.628342 0.466155 0.037433 0.047213
32 0.686211 0.465017 0.038579 0.048350
33 0.746180 0.463311 0.039343 0.047213
34 0.805195 0.462173 0.039725 0.047213
35 0.865164 0.461035 0.040489 0.047213
36 0.505539 0.539534 0.039343 0.048350
37 0.569901 0.538680 0.038961 0.047782
38 0.628151 0.538396 0.038579 0.047213
39 0.686402 0.537258 0.038961 0.048350
40 0.745225 0.536121 0.039725 0.050626
41 0.806150 0.535267 0.040871 0.051195
42 0.506494 0.611775 0.039725 0.049488
43 0.570665 0.610068 0.038197 0.049488
44 0.629106 0.610922 0.038197 0.046644
45 0.687357 0.610068 0.038579 0.047213
46 0.745989 0.610353 0.038961 0.046644
47 0.806150 0.609499 0.040871 0.047213
48 0.507448 0.683447 0.038579 0.047213
49 0.571238 0.684300 0.038579 0.048919
50 0.629488 0.683163 0.038197 0.048919
51 0.687739 0.683163 0.038579 0.050057
52 0.746371 0.682594 0.039725 0.047782
53 0.805959 0.682025 0.040489 0.046644
54 0.507639 0.753413 0.038197 0.047213
55 0.571238 0.753982 0.038579 0.047213
56 0.630252 0.753129 0.038197 0.046644
57 0.506875 0.825085 0.039725 0.049488
58 0.572002 0.824516 0.038579 0.049488
59 0.630634 0.824232 0.038197 0.048919
60 0.688503 0.824232 0.039343 0.048919
61 0.224408 0.563140 0.043163 0.830489
62 0.874078 0.897497 0.058316 0.088510
