0 0.853365 0.240349 0.055021 0.032294
1 0.194444 0.240163 0.054487 0.031180
2 0.267628 0.240349 0.052350 0.030809
3 0.343216 0.240349 0.052885 0.030067
4 0.706464 0.240906 0.052885 0.031180
5 0.562767 0.240906 0.051816 0.030438
6 0.778579 0.241463 0.051816 0.031552
7 0.635417 0.241277 0.052885 0.030438
8 0.489049 0.241277 0.051816 0.030438
9 0.416132 0.241091 0.051282 0.029324
10 0.849092 0.534336 0.047543 0.039718
11 0.847489 0.597810 0.046474 0.038233
12 0.844818 0.711024 0.046474 0.037491
13 0.843216 0.766889 0.045406 0.037862
14 0.841880 0.822754 0.045940 0.038233
15 0.779113 0.534707 0.047543 0.038976
16 0.778312 0.597810 0.047009 0.038233
17 0.776442 0.655531 0.045406 0.037862
18 0.775107 0.711581 0.044872 0.037120
19 0.774306 0.767817 0.045406 0.038976
20 0.708868 0.535078 0.048077 0.038976
21 0.707532 0.655345 0.048611 0.038233
22 0.707532 0.711210 0.048611 0.037120
23 0.705929 0.767632 0.045406 0.037862
24 0.639957 0.534892 0.049145 0.037862
25 0.639690 0.598367 0.048611 0.037862
26 0.638622 0.656459 0.047543 0.037491
27 0.638622 0.711952 0.045406 0.035635
28 0.637553 0.768560 0.045406 0.038233
29 0.569444 0.535820 0.047009 0.037491
30 0.569712 0.598367 0.045406 0.037862
31 0.569712 0.656273 0.046474 0.037120
32 0.569712 0.712324 0.047543 0.037862
33 0.568376 0.768745 0.047009 0.036377
34 0.568910 0.824796 0.047009 0.036377
35 0.567308 0.879918 0.047009 0.036006
36 0.500534 0.535635 0.048077 0.037862
37 0.500534 0.598181 0.048077 0.037491
38 0.500534 0.657016 0.047009 0.037120
39 0.500801 0.713437 0.046474 0.038604
40 0.500267 0.770230 0.044338 0.037120
41 0.500000 0.825909 0.045940 0.038604
42 0.427618 0.535635 0.047543 0.038604
43 0.427618 0.599295 0.047543 0.038233
44 0.429487 0.657572 0.047009 0.038976
45 0.430021 0.714365 0.047009 0.038976
46 0.429754 0.770973 0.046474 0.037862
47 0.430556 0.827209 0.045940 0.038233
48 0.356838 0.536748 0.047009 0.039347
49 0.356838 0.600408 0.048077 0.038233
50 0.358173 0.658500 0.046474 0.037120
51 0.358974 0.715293 0.045940 0.037862
52 0.359509 0.771158 0.045940 0.038233
53 0.360310 0.827765 0.045406 0.037120
54 0.285524 0.536748 0.046474 0.038604
55 0.285791 0.600223 0.045940 0.037862
56 0.287660 0.659614 0.045406 0.037862
57 0.213942 0.537862 0.048611 0.037120
58 0.215278 0.601522 0.047009 0.038976
59 0.217147 0.659057 0.048611 0.037491
60 0.218750 0.716221 0.048611 0.038233
61 0.459135 0.240163 0.906517 0.042316
62 0.158654 0.891980 0.084402 0.066811
