0 0.182192 0.231431 0.054555 0.035076
1 0.255018 0.232462 0.051981 0.035763
2 0.328101 0.233666 0.050952 0.033356
3 0.401184 0.234354 0.049923 0.033356
4 0.476325 0.235729 0.049923 0.034044
5 0.548121 0.237620 0.049408 0.033012
6 0.689398 0.238824 0.049923 0.034732
7 0.618888 0.238308 0.049923 0.033012
8 0.762481 0.240371 0.050952 0.033012
9 0.834277 0.242263 0.052496 0.034732
10 0.826557 0.524759 0.046320 0.038514
11 0.823984 0.587001 0.047349 0.039202
12 0.818580 0.698590 0.047864 0.038858
13 0.816006 0.754470 0.045805 0.037827
14 0.813948 0.810007 0.044776 0.037483
15 0.754761 0.523384 0.047864 0.039202
16 0.753731 0.586142 0.048893 0.038858
17 0.750901 0.643226 0.047349 0.037483
18 0.748070 0.699278 0.046835 0.036795
19 0.747041 0.755502 0.046835 0.039890
20 0.684251 0.522868 0.047864 0.037483
21 0.679619 0.641162 0.048893 0.036795
22 0.678332 0.698762 0.047349 0.037827
23 0.676016 0.754298 0.045805 0.037483
24 0.613484 0.522008 0.052496 0.037139
25 0.611940 0.584422 0.052496 0.036795
26 0.610139 0.641334 0.047864 0.035763
27 0.609946 0.697603 0.045419 0.040323
28 0.607308 0.753611 0.045291 0.036795
29 0.544004 0.520977 0.048379 0.037139
30 0.541688 0.583735 0.046835 0.037483
31 0.540401 0.640818 0.045291 0.036795
32 0.538343 0.697387 0.046320 0.035076
33 0.536284 0.754298 0.045291 0.036795
34 0.534740 0.809319 0.046320 0.036107
35 0.532681 0.864684 0.046320 0.036795
36 0.472723 0.520977 0.047864 0.038514
37 0.470149 0.582875 0.047864 0.037827
38 0.469892 0.641162 0.047349 0.038858
39 0.468348 0.696871 0.046320 0.037483
40 0.465775 0.752923 0.046320 0.037483
41 0.465003 0.810179 0.045805 0.038514
42 0.400926 0.520289 0.047349 0.037827
43 0.398353 0.582703 0.047349 0.037483
44 0.397324 0.640990 0.047349 0.038514
45 0.395780 0.697043 0.047349 0.037827
46 0.394236 0.753095 0.047349 0.037139
47 0.392949 0.810007 0.046835 0.037483
48 0.329388 0.519601 0.046320 0.038514
49 0.327329 0.581843 0.046320 0.037827
50 0.326300 0.640646 0.046320 0.039202
51 0.324756 0.697215 0.046320 0.038171
52 0.323212 0.752923 0.047349 0.036107
53 0.321410 0.810179 0.046835 0.037139
54 0.256562 0.519257 0.047864 0.039890
55 0.256562 0.581499 0.047864 0.037139
56 0.254761 0.639615 0.048379 0.037139
57 0.186052 0.518226 0.048893 0.039202
58 0.184508 0.580983 0.049923 0.038171
59 0.182192 0.638067 0.052496 0.034732
60 0.182450 0.696527 0.050952 0.038171
61 0.438755 0.234182 0.871333 0.050206
62 0.109882 0.871045 0.083891 0.070151
