0 0.721889 0.200982 0.050764 0.034756
1 0.794214 0.200416 0.048035 0.033623
2 0.649836 0.202493 0.047489 0.034756
3 0.580240 0.203060 0.048035 0.033623
4 0.509279 0.203627 0.048035 0.034001
5 0.369814 0.204571 0.047489 0.034379
6 0.439956 0.204382 0.046943 0.034001
7 0.229803 0.205893 0.049127 0.034756
8 0.300491 0.205516 0.048581 0.034001
9 0.159934 0.206649 0.046943 0.034001
10 0.811408 0.484322 0.048581 0.038534
11 0.813592 0.550057 0.048581 0.039290
12 0.817686 0.670570 0.051310 0.041556
13 0.820142 0.731394 0.049672 0.042312
14 0.822052 0.793351 0.050218 0.042312
15 0.737718 0.484700 0.048581 0.040045
16 0.739356 0.549868 0.047489 0.038912
17 0.741812 0.609936 0.048035 0.040423
18 0.743996 0.670382 0.046943 0.040423
19 0.746998 0.730638 0.049672 0.041556
20 0.666485 0.485266 0.049127 0.040423
21 0.668941 0.610125 0.048581 0.040801
22 0.670852 0.671137 0.049127 0.041179
23 0.672762 0.731772 0.048581 0.040801
24 0.596070 0.486777 0.049127 0.038912
25 0.597434 0.550623 0.047489 0.038912
26 0.598253 0.610502 0.046943 0.040801
27 0.599618 0.670948 0.047489 0.039290
28 0.600437 0.731772 0.046943 0.040045
29 0.525109 0.487155 0.048035 0.037401
30 0.525928 0.551379 0.047489 0.038156
31 0.526474 0.610314 0.047489 0.040423
32 0.527293 0.671326 0.046943 0.038534
33 0.528111 0.731961 0.047489 0.039668
34 0.528930 0.793729 0.049127 0.040045
35 0.529476 0.856441 0.050218 0.041556
36 0.455235 0.485629 0.042566 0.038882
37 0.454694 0.551757 0.050218 0.038156
38 0.454967 0.611636 0.049672 0.038534
39 0.454694 0.671515 0.050218 0.040423
40 0.454967 0.731961 0.048581 0.039668
41 0.456332 0.794484 0.048035 0.039290
42 0.381550 0.486777 0.049127 0.038912
43 0.381823 0.552134 0.046397 0.038156
44 0.382915 0.612202 0.047489 0.039668
45 0.382915 0.672270 0.047489 0.040423
46 0.383461 0.732716 0.048581 0.040423
47 0.383461 0.795429 0.049672 0.041179
48 0.309498 0.488100 0.049127 0.039290
49 0.310317 0.552890 0.046397 0.038912
50 0.310044 0.612391 0.048035 0.039290
51 0.310317 0.672648 0.047489 0.039668
52 0.309771 0.733094 0.047489 0.039668
53 0.309771 0.794673 0.047489 0.041179
54 0.239356 0.487911 0.047489 0.039668
55 0.239356 0.552890 0.046397 0.038156
56 0.238810 0.612580 0.047489 0.039668
57 0.168668 0.488666 0.049127 0.038156
58 0.168395 0.553457 0.047489 0.038534
59 0.166758 0.613336 0.047489 0.037401
60 0.165666 0.673782 0.048581 0.040423
61 0.418122 0.203249 0.835153 0.048357
62 0.096616 0.873442 0.081878 0.062713
