0 0.760406 0.201852 0.047716 0.034815
1 0.690355 0.202778 0.044670 0.033704
2 0.557107 0.204444 0.043147 0.034815
3 0.623350 0.203889 0.043655 0.033704
4 0.490102 0.205741 0.044162 0.034444
5 0.424619 0.207407 0.043147 0.034815
6 0.356599 0.208148 0.044162 0.035556
7 0.290102 0.210556 0.044162 0.037407
8 0.224112 0.210556 0.045178 0.035926
9 0.156599 0.211111 0.046193 0.036296
10 0.797208 0.488889 0.046193 0.037778
11 0.799746 0.552963 0.047208 0.040000
12 0.805584 0.671667 0.047716 0.040370
13 0.809645 0.731111 0.046701 0.041481
14 0.812690 0.792037 0.045685 0.041111
15 0.729949 0.490000 0.048731 0.039259
16 0.731726 0.554630 0.047208 0.040370
17 0.733503 0.613519 0.045685 0.039630
18 0.736548 0.672778 0.044670 0.038889
19 0.740863 0.731296 0.044162 0.041111
20 0.661421 0.491852 0.046701 0.040000
21 0.666244 0.613519 0.047208 0.038889
22 0.669036 0.674074 0.045685 0.040000
23 0.671320 0.733519 0.045178 0.041111
24 0.595178 0.492407 0.047208 0.038889
25 0.597462 0.556481 0.045685 0.038889
26 0.599492 0.615185 0.044670 0.038519
27 0.601523 0.674815 0.046701 0.038519
28 0.604315 0.734444 0.045178 0.039259
29 0.526650 0.493148 0.046193 0.040370
30 0.529442 0.557037 0.045685 0.039259
31 0.531218 0.617778 0.044162 0.040741
32 0.533756 0.676481 0.044162 0.038148
33 0.536294 0.735556 0.044162 0.039259
34 0.539086 0.795556 0.045685 0.040000
35 0.541371 0.857037 0.046193 0.040741
36 0.461675 0.493889 0.045178 0.041111
37 0.463452 0.558519 0.044670 0.039259
38 0.464213 0.618148 0.045178 0.038519
39 0.466244 0.677593 0.045178 0.039630
40 0.468528 0.736111 0.042640 0.041111
41 0.471066 0.797593 0.044670 0.042593
42 0.391624 0.495926 0.045178 0.040000
43 0.395178 0.560000 0.046193 0.037778
44 0.395939 0.618519 0.044670 0.039259
45 0.398223 0.678333 0.045178 0.039630
46 0.399746 0.737778 0.046193 0.040741
47 0.402030 0.799815 0.046701 0.041852
48 0.324873 0.495926 0.044670 0.040741
49 0.326904 0.561481 0.043655 0.039259
50 0.328426 0.620556 0.042640 0.038889
51 0.329949 0.679630 0.044670 0.039259
52 0.331726 0.739074 0.045178 0.039630
53 0.334010 0.800185 0.043655 0.040370
54 0.257614 0.497963 0.045178 0.039630
55 0.259137 0.561852 0.045178 0.038519
56 0.260660 0.622037 0.044162 0.038148
57 0.190102 0.498148 0.046193 0.038519
58 0.192386 0.563148 0.044670 0.038889
59 0.192893 0.622593 0.044670 0.039259
60 0.194162 0.681481 0.045178 0.039259
61 0.451269 0.205000 0.710660 0.050741
62 0.132487 0.875183 0.084264 0.065922
