0 0.817883 0.223036 0.052336 0.032694
1 0.667434 0.223224 0.052934 0.031567
2 0.232063 0.223036 0.051007 0.031191
3 0.302934 0.222849 0.048907 0.030064
4 0.743096 0.223412 0.053510 0.031191
5 0.159666 0.223036 0.053510 0.030440
6 0.375144 0.223036 0.050633 0.029688
7 0.594350 0.223412 0.051761 0.030440
8 0.520138 0.223412 0.054085 0.030440
9 0.447929 0.223036 0.050058 0.029688
10 0.814442 0.510710 0.048907 0.040586
11 0.810532 0.574154 0.051444 0.040455
12 0.806387 0.687899 0.050058 0.037956
13 0.804085 0.744457 0.048907 0.038331
14 0.802071 0.801578 0.049482 0.038331
15 0.739643 0.510147 0.051208 0.038707
16 0.737054 0.572529 0.048331 0.037956
17 0.735040 0.630778 0.047756 0.037204
18 0.733026 0.686960 0.048331 0.038331
19 0.729862 0.742954 0.047756 0.037580
20 0.667146 0.509019 0.048907 0.040210
21 0.662831 0.627584 0.049482 0.038331
22 0.660242 0.683390 0.048907 0.034949
23 0.659379 0.739947 0.050633 0.037580
24 0.596087 0.507704 0.049482 0.038331
25 0.593211 0.569711 0.049482 0.036828
26 0.589471 0.626832 0.053510 0.036077
27 0.590046 0.682638 0.050058 0.036452
28 0.588032 0.738632 0.049482 0.037956
29 0.522440 0.507516 0.050633 0.037956
30 0.522440 0.568395 0.050633 0.036452
31 0.520426 0.624953 0.046605 0.037580
32 0.518412 0.680947 0.046030 0.036828
33 0.516398 0.736189 0.046605 0.037580
34 0.514960 0.792371 0.047181 0.036452
35 0.512371 0.848177 0.047756 0.037580
36 0.452532 0.505825 0.047756 0.039083
37 0.450518 0.567644 0.049482 0.037956
38 0.450518 0.624201 0.047181 0.037580
39 0.448504 0.679256 0.046605 0.037956
40 0.447066 0.734123 0.046030 0.037956
41 0.443901 0.791244 0.046605 0.040962
42 0.380898 0.504885 0.047181 0.038707
43 0.379171 0.566892 0.048331 0.037956
44 0.378021 0.622698 0.047181 0.036828
45 0.376870 0.678692 0.047181 0.036828
46 0.374856 0.733747 0.047756 0.037956
47 0.373418 0.789929 0.047181 0.037580
48 0.309551 0.504697 0.047181 0.039835
49 0.308976 0.566141 0.046030 0.037204
50 0.307537 0.621947 0.045455 0.036828
51 0.306674 0.676625 0.046030 0.037956
52 0.305811 0.732244 0.044304 0.038707
53 0.303510 0.787486 0.045455 0.036452
54 0.240794 0.503006 0.045455 0.039459
55 0.239068 0.564074 0.044304 0.037580
56 0.238493 0.620631 0.045455 0.037204
57 0.170598 0.501879 0.047756 0.037956
58 0.169448 0.562570 0.045455 0.038331
59 0.169735 0.618564 0.046030 0.036828
60 0.168872 0.673431 0.045455 0.036077
61 0.434120 0.223412 0.868239 0.046975
62 0.098677 0.841413 0.086881 0.063886
