0 0.758085 0.222793 0.052609 0.034321
1 0.685640 0.223086 0.052609 0.034321
2 0.610392 0.223233 0.053040 0.034614
3 0.834196 0.223086 0.053903 0.034321
4 0.463346 0.223966 0.052178 0.034908
5 0.536223 0.224113 0.054765 0.034028
6 0.389392 0.224553 0.051746 0.033734
7 0.316085 0.224993 0.054334 0.034614
8 0.243639 0.225726 0.050884 0.035494
9 0.168823 0.226019 0.053040 0.034321
10 0.838939 0.518921 0.051315 0.040481
11 0.838508 0.584336 0.052178 0.038721
12 0.837430 0.700499 0.050022 0.039308
13 0.838292 0.758287 0.049159 0.038721
14 0.837430 0.816808 0.049159 0.039014
15 0.765416 0.518627 0.050022 0.039894
16 0.765201 0.583749 0.048728 0.039308
17 0.765416 0.642270 0.047434 0.039014
18 0.764985 0.699765 0.047434 0.040188
19 0.765201 0.758287 0.046141 0.039308
20 0.692755 0.519361 0.047003 0.039014
21 0.692755 0.642417 0.047865 0.038134
22 0.692971 0.699912 0.047434 0.039308
23 0.692755 0.758287 0.046141 0.039308
24 0.621389 0.518921 0.047434 0.039894
25 0.621604 0.583016 0.047003 0.039014
26 0.622035 0.641830 0.047003 0.038721
27 0.622251 0.700059 0.047434 0.037841
28 0.622898 0.758580 0.046141 0.038134
29 0.550237 0.518040 0.049159 0.041654
30 0.550884 0.583602 0.048728 0.038428
31 0.550668 0.641537 0.047434 0.038721
32 0.550884 0.699765 0.047865 0.037254
33 0.551315 0.757994 0.047003 0.038721
34 0.551531 0.815635 0.048297 0.038428
35 0.551315 0.872837 0.047865 0.039014
36 0.480595 0.519361 0.047865 0.037841
37 0.480811 0.583162 0.048297 0.038721
38 0.480164 0.641537 0.048728 0.038134
39 0.480595 0.700059 0.048728 0.039014
40 0.480595 0.757114 0.046141 0.036374
41 0.480811 0.816368 0.047434 0.039308
42 0.406856 0.519654 0.047865 0.039014
43 0.406425 0.584042 0.048728 0.038721
44 0.407934 0.642270 0.048297 0.039014
45 0.408366 0.700499 0.049159 0.037548
46 0.408797 0.757994 0.047434 0.038134
47 0.410091 0.816222 0.049159 0.038428
48 0.333549 0.520094 0.047865 0.037548
49 0.334627 0.584189 0.048297 0.038428
50 0.335705 0.642710 0.047003 0.038134
51 0.336136 0.699912 0.046141 0.037548
52 0.337861 0.756967 0.046141 0.037254
53 0.337646 0.815342 0.046572 0.037254
54 0.262182 0.519654 0.047434 0.038428
55 0.263907 0.583309 0.045709 0.037841
56 0.264554 0.643297 0.047003 0.038134
57 0.191246 0.518627 0.046141 0.039894
58 0.192971 0.583896 0.046141 0.039014
59 0.194049 0.642564 0.046572 0.037841
60 0.195774 0.700352 0.046572 0.038428
61 0.437689 0.224846 0.874515 0.052508
62 0.134756 0.877822 0.084088 0.060719
