0 0.250812 0.229594 0.048160 0.037272
1 0.178571 0.228848 0.045455 0.035035
2 0.395022 0.231085 0.046537 0.035781
3 0.323864 0.231271 0.047078 0.034663
4 0.465909 0.232762 0.047619 0.035408
5 0.535173 0.232948 0.046537 0.035781
6 0.674784 0.233880 0.046537 0.036899
7 0.606061 0.233507 0.044372 0.036154
8 0.815476 0.234812 0.047619 0.036526
9 0.744318 0.235371 0.047078 0.036899
10 0.826569 0.515840 0.043831 0.039508
11 0.827110 0.579389 0.045996 0.039135
12 0.830087 0.694931 0.045455 0.039881
13 0.831169 0.751584 0.045455 0.038390
14 0.832251 0.811219 0.046537 0.039881
15 0.757035 0.515654 0.046537 0.040626
16 0.758387 0.580134 0.045996 0.039881
17 0.759199 0.638278 0.044372 0.038390
18 0.760823 0.696236 0.045455 0.038763
19 0.762716 0.753448 0.043831 0.041372
20 0.688582 0.517145 0.045996 0.041372
21 0.690747 0.639023 0.047078 0.039135
22 0.692100 0.697167 0.046537 0.039135
23 0.693182 0.754566 0.045455 0.039135
24 0.620400 0.517890 0.045996 0.039135
25 0.621212 0.580693 0.046537 0.038763
26 0.622294 0.640328 0.045455 0.040253
27 0.623918 0.698286 0.045455 0.037644
28 0.625271 0.756616 0.043831 0.038763
29 0.550866 0.517518 0.046537 0.039881
30 0.551948 0.581811 0.046537 0.038763
31 0.553030 0.640142 0.046537 0.039135
32 0.553571 0.699404 0.046537 0.037644
33 0.555465 0.757920 0.044913 0.038390
34 0.556277 0.816250 0.046537 0.039508
35 0.557089 0.875699 0.047078 0.039135
36 0.482413 0.519195 0.047078 0.038763
37 0.482413 0.582557 0.045996 0.038763
38 0.482684 0.641073 0.046537 0.038017
39 0.484307 0.700522 0.047619 0.040626
40 0.485390 0.759225 0.045455 0.040999
41 0.486201 0.819046 0.047078 0.042117
42 0.407738 0.517890 0.053571 0.041372
43 0.412338 0.583675 0.049784 0.038017
44 0.412879 0.642751 0.048701 0.037644
45 0.413420 0.700895 0.048701 0.038390
46 0.413961 0.761088 0.047619 0.039508
47 0.414773 0.821096 0.047078 0.040999
48 0.337392 0.519009 0.045996 0.039135
49 0.341180 0.584793 0.050325 0.038017
50 0.340368 0.643869 0.050866 0.038390
51 0.341450 0.702385 0.050866 0.039135
52 0.342262 0.762020 0.050325 0.040626
53 0.343344 0.822587 0.047078 0.040253
54 0.267587 0.519568 0.047078 0.040253
55 0.269873 0.584642 0.050568 0.039206
56 0.269210 0.644801 0.047078 0.038017
57 0.195617 0.519754 0.048160 0.040626
58 0.196970 0.585539 0.047619 0.039508
59 0.197511 0.645546 0.049784 0.038763
60 0.198323 0.705181 0.049242 0.040253
61 0.437229 0.233507 0.867965 0.046590
62 0.131223 0.899896 0.089286 0.058457
