0 0.199085 0.797896 0.035088 0.047619
1 0.200038 0.731174 0.033181 0.047065
2 0.201373 0.659745 0.032799 0.048173
3 0.202517 0.589701 0.032037 0.049834
4 0.203661 0.519380 0.032799 0.046512
5 0.204996 0.452104 0.032418 0.049280
6 0.206140 0.383721 0.031655 0.045404
7 0.206903 0.317553 0.031655 0.047065
8 0.207857 0.249723 0.032799 0.046512
9 0.209191 0.183555 0.031655 0.041528
10 0.481884 0.167220 0.040809 0.047619
11 0.543669 0.165559 0.040046 0.047619
12 0.660374 0.161683 0.040046 0.047619
13 0.718535 0.159468 0.038902 0.047619
14 0.779558 0.156977 0.041190 0.048173
15 0.481884 0.237542 0.040046 0.047619
16 0.543860 0.235327 0.038902 0.046512
17 0.602021 0.234219 0.038520 0.046512
18 0.660946 0.232835 0.039664 0.048173
19 0.718917 0.230897 0.040427 0.047619
20 0.481312 0.307032 0.040427 0.045958
21 0.601449 0.304264 0.038139 0.047065
22 0.659992 0.303433 0.040046 0.047619
23 0.718535 0.301772 0.040427 0.046512
24 0.479596 0.373754 0.038520 0.046512
25 0.542906 0.374031 0.037757 0.047065
26 0.601259 0.373477 0.037757 0.045958
27 0.659230 0.372093 0.039283 0.046512
28 0.718345 0.371816 0.040046 0.047065
29 0.479786 0.443522 0.038139 0.046512
30 0.543097 0.443245 0.038139 0.047065
31 0.600686 0.442968 0.037376 0.046512
32 0.659039 0.442968 0.038139 0.046512
33 0.718154 0.442137 0.038902 0.045958
34 0.778795 0.441584 0.041190 0.047065
35 0.840198 0.441307 0.042715 0.047619
36 0.478070 0.511905 0.038520 0.047065
37 0.541190 0.512182 0.039664 0.046512
38 0.600305 0.513012 0.038139 0.047065
39 0.659230 0.513843 0.040809 0.047619
40 0.717391 0.513289 0.040427 0.049834
41 0.779176 0.513566 0.041190 0.050388
42 0.477879 0.583333 0.038902 0.047065
43 0.540236 0.583610 0.040809 0.045404
44 0.600686 0.584718 0.038902 0.046512
45 0.659420 0.585825 0.038902 0.045404
46 0.718535 0.586932 0.038902 0.046512
47 0.779558 0.587486 0.041190 0.046512
48 0.477307 0.653101 0.037757 0.047065
49 0.540809 0.654208 0.038902 0.045958
50 0.600496 0.655039 0.038520 0.046512
51 0.659039 0.656700 0.038139 0.047619
52 0.717963 0.659745 0.039283 0.049280
53 0.779939 0.660299 0.041190 0.048173
54 0.476545 0.722315 0.037757 0.048173
55 0.540046 0.723422 0.037376 0.048173
56 0.599542 0.724529 0.038902 0.050388
57 0.476163 0.793466 0.038520 0.050941
58 0.540046 0.795404 0.038139 0.053710
59 0.598970 0.798726 0.038520 0.051495
60 0.658658 0.799280 0.040427 0.049280
61 0.202899 0.568660 0.051869 0.861573
62 0.849352 0.875581 0.067887 0.091141
