0 0.177580 0.236940 0.055526 0.034378
1 0.256417 0.237782 0.053955 0.035389
2 0.331587 0.240310 0.053431 0.032356
3 0.408329 0.243343 0.053955 0.032356
4 0.482452 0.245703 0.051336 0.033030
5 0.556312 0.247388 0.053431 0.033030
6 0.628339 0.249410 0.051860 0.033030
7 0.699057 0.250927 0.049764 0.034715
8 0.772132 0.254129 0.053431 0.035052
9 0.842064 0.256320 0.050812 0.036063
10 0.836564 0.532524 0.049240 0.037074
11 0.835516 0.594034 0.048193 0.037412
12 0.831587 0.704247 0.046621 0.036737
13 0.829754 0.758510 0.046097 0.036737
14 0.827920 0.814291 0.045574 0.037749
15 0.767679 0.532019 0.047669 0.038760
16 0.765584 0.593360 0.046621 0.036737
17 0.764536 0.649983 0.045574 0.037412
18 0.762703 0.704921 0.045050 0.036737
19 0.760870 0.759690 0.045574 0.037749
20 0.697486 0.531345 0.046621 0.038760
21 0.694343 0.649478 0.046621 0.037749
22 0.692771 0.704752 0.046621 0.036400
23 0.691723 0.759858 0.046621 0.038760
24 0.628078 0.530334 0.048193 0.038760
25 0.626244 0.592686 0.046621 0.036737
26 0.624935 0.649815 0.047145 0.037074
27 0.624149 0.705763 0.046621 0.036400
28 0.623625 0.761881 0.046621 0.038760
29 0.556312 0.530839 0.047145 0.038423
30 0.555003 0.592518 0.047669 0.037749
31 0.554217 0.649983 0.047145 0.036063
32 0.552907 0.706100 0.046621 0.036400
33 0.552122 0.762723 0.048193 0.037749
34 0.550550 0.819009 0.048193 0.037749
35 0.550026 0.875632 0.048193 0.037074
36 0.485071 0.530165 0.047145 0.040445
37 0.484023 0.592855 0.048193 0.037749
38 0.482713 0.650994 0.046621 0.038760
39 0.481404 0.706269 0.048193 0.038086
40 0.480880 0.763566 0.048193 0.039434
41 0.480880 0.820694 0.047145 0.039097
42 0.411734 0.530671 0.049240 0.039434
43 0.411210 0.593192 0.052383 0.037074
44 0.409900 0.651837 0.055003 0.037749
45 0.410162 0.709808 0.052383 0.041793
46 0.408591 0.765420 0.049240 0.037749
47 0.407543 0.823559 0.049240 0.038760
48 0.337087 0.530671 0.048717 0.038760
49 0.336302 0.593529 0.050288 0.037749
50 0.335254 0.652005 0.049240 0.037412
51 0.334468 0.709808 0.048717 0.040445
52 0.334730 0.766768 0.048193 0.037749
53 0.332897 0.824402 0.048717 0.038423
54 0.263227 0.529491 0.049764 0.038423
55 0.262441 0.592518 0.049240 0.037074
56 0.261393 0.652174 0.049240 0.039097
57 0.188580 0.530165 0.050288 0.037074
58 0.188057 0.593360 0.049240 0.038086
59 0.187009 0.652848 0.050288 0.037749
60 0.185699 0.711156 0.050812 0.038423
61 0.442902 0.243680 0.880566 0.063364
62 0.113148 0.899203 0.095338 0.051860
