0 0.825098 0.205204 0.053341 0.033457
1 0.748737 0.206691 0.052218 0.032714
2 0.672937 0.207621 0.051095 0.033086
3 0.598540 0.208364 0.049410 0.032342
4 0.525828 0.209108 0.052218 0.032342
5 0.234700 0.211896 0.051656 0.035688
6 0.452555 0.210967 0.051656 0.033829
7 0.379562 0.211896 0.050533 0.034944
8 0.306569 0.212268 0.050533 0.034944
9 0.162830 0.212639 0.051656 0.034201
10 0.829029 0.498699 0.049972 0.039033
11 0.827344 0.564498 0.049972 0.039033
12 0.826502 0.681970 0.049410 0.039777
13 0.825940 0.740520 0.049410 0.040892
14 0.824818 0.800743 0.050533 0.040149
15 0.752667 0.497770 0.051095 0.038662
16 0.750421 0.562268 0.054464 0.039033
17 0.750702 0.621747 0.050533 0.039033
18 0.750983 0.680112 0.048849 0.038290
19 0.750983 0.739777 0.048849 0.040892
20 0.676867 0.497026 0.049972 0.039405
21 0.676586 0.619888 0.049410 0.039033
22 0.676586 0.679368 0.049410 0.039033
23 0.675744 0.737361 0.048849 0.039777
24 0.604716 0.495167 0.048287 0.040892
25 0.603874 0.559480 0.047726 0.038662
26 0.603313 0.618587 0.048849 0.038662
27 0.603313 0.677881 0.047726 0.039033
28 0.602471 0.735688 0.048287 0.038662
29 0.530882 0.494238 0.048849 0.039777
30 0.530601 0.559294 0.048287 0.038290
31 0.529759 0.617844 0.047726 0.037918
32 0.529197 0.676580 0.047726 0.037918
33 0.528916 0.734387 0.048287 0.038290
34 0.528074 0.792751 0.048849 0.038290
35 0.527232 0.851673 0.049410 0.039405
36 0.459854 0.494796 0.049410 0.038662
37 0.458450 0.557993 0.047726 0.038662
38 0.457327 0.616729 0.047726 0.039405
39 0.457047 0.675465 0.047165 0.038662
40 0.455643 0.732900 0.048849 0.039033
41 0.455643 0.792937 0.046603 0.039405
42 0.387423 0.494981 0.051656 0.037546
43 0.385738 0.557621 0.050533 0.037918
44 0.384054 0.615799 0.048287 0.037546
45 0.383492 0.674349 0.048287 0.038662
46 0.382931 0.732156 0.048287 0.039777
47 0.382369 0.791636 0.048287 0.039033
48 0.312184 0.494052 0.048287 0.037918
49 0.311342 0.556691 0.047726 0.037546
50 0.311342 0.614870 0.047726 0.037918
51 0.310780 0.672677 0.047726 0.037546
52 0.310219 0.730669 0.047726 0.038290
53 0.309938 0.789033 0.047165 0.039033
54 0.241718 0.494610 0.046603 0.038290
55 0.240595 0.556134 0.046603 0.036431
56 0.240034 0.614312 0.047726 0.039033
57 0.170410 0.492193 0.049972 0.037918
58 0.169568 0.555204 0.047165 0.037546
59 0.168445 0.613197 0.047165 0.037546
60 0.168445 0.670446 0.047165 0.039033
61 0.480067 0.207621 0.778214 0.047955
62 0.100786 0.845346 0.082538 0.057978
