0 0.230431 0.812567 0.033982 0.046524
1 0.231195 0.747326 0.034746 0.047594
2 0.230813 0.679144 0.033982 0.047059
3 0.231768 0.201604 0.035128 0.047059
4 0.231004 0.612299 0.033601 0.048128
5 0.231386 0.410428 0.033601 0.046524
6 0.231959 0.342246 0.033982 0.049198
7 0.232722 0.271390 0.034746 0.048663
8 0.231768 0.477540 0.032837 0.050267
9 0.232341 0.545989 0.033219 0.045989
10 0.522337 0.206150 0.039710 0.047594
11 0.587247 0.209091 0.039710 0.049198
12 0.704467 0.212032 0.040473 0.047594
13 0.762314 0.214171 0.039328 0.046524
14 0.821879 0.216578 0.041619 0.047059
15 0.521764 0.276203 0.039328 0.048663
16 0.585911 0.278075 0.039328 0.047059
17 0.643757 0.280481 0.038946 0.046524
18 0.702367 0.282086 0.040855 0.046524
19 0.759450 0.283690 0.039710 0.046524
20 0.520046 0.344920 0.038946 0.045989
21 0.642230 0.348663 0.039710 0.045989
22 0.699504 0.350802 0.039710 0.044920
23 0.757159 0.352674 0.040473 0.046524
24 0.517564 0.411765 0.040855 0.044920
25 0.582092 0.414171 0.037801 0.045455
26 0.640893 0.415241 0.040092 0.045455
27 0.698167 0.417647 0.037801 0.043850
28 0.755059 0.419251 0.039328 0.043850
29 0.516991 0.478342 0.040473 0.044385
30 0.581138 0.480214 0.037419 0.044920
31 0.638793 0.482888 0.040473 0.044920
32 0.695876 0.485027 0.037037 0.043850
33 0.753532 0.486096 0.040092 0.043850
34 0.811378 0.488503 0.038183 0.044385
35 0.869034 0.490107 0.039710 0.044385
36 0.515464 0.545722 0.039710 0.044385
37 0.579801 0.548663 0.038564 0.047059
38 0.636693 0.549733 0.040092 0.047059
39 0.693585 0.552139 0.037037 0.045455
40 0.750668 0.554278 0.038946 0.044385
41 0.808706 0.555615 0.038946 0.044920
42 0.514509 0.612567 0.038564 0.045455
43 0.577511 0.615241 0.037801 0.045455
44 0.634784 0.617112 0.039328 0.044920
45 0.691676 0.618717 0.037037 0.043850
46 0.748759 0.620588 0.039710 0.044385
47 0.806987 0.622995 0.039328 0.043850
48 0.512791 0.677807 0.039710 0.044385
49 0.576365 0.679679 0.037801 0.043850
50 0.633257 0.683957 0.038564 0.047059
51 0.689958 0.685294 0.038183 0.045455
52 0.746850 0.687166 0.039710 0.045989
53 0.805078 0.689037 0.039328 0.043316
54 0.511455 0.741444 0.039328 0.045455
55 0.574074 0.745187 0.037801 0.044385
56 0.632111 0.747326 0.038564 0.043316
57 0.511073 0.808289 0.039328 0.045455
58 0.573692 0.809626 0.038564 0.043850
59 0.630393 0.811765 0.038183 0.044920
60 0.687094 0.813369 0.039328 0.044920
61 0.230431 0.580481 0.045437 0.837968
62 0.866361 0.879679 0.044292 0.068449
