0 0.814893 0.220352 0.049292 0.036663
1 0.741741 0.221474 0.049816 0.035915
2 0.669376 0.223345 0.048768 0.036663
3 0.598584 0.224841 0.047719 0.035915
4 0.527530 0.225589 0.049292 0.036663
5 0.456476 0.228021 0.046670 0.035541
6 0.386209 0.228769 0.047719 0.034792
7 0.315679 0.230640 0.048243 0.035541
8 0.173833 0.232510 0.047719 0.038533
9 0.245412 0.232510 0.048243 0.038533
10 0.825118 0.517209 0.046670 0.040778
11 0.825118 0.582117 0.047719 0.041152
12 0.826167 0.698092 0.045621 0.040404
13 0.826691 0.755331 0.045621 0.038159
14 0.828002 0.813505 0.046146 0.039282
15 0.754326 0.517396 0.047719 0.040404
16 0.754851 0.582866 0.047719 0.039656
17 0.755113 0.640853 0.045097 0.038908
18 0.756686 0.699214 0.046146 0.038159
19 0.757735 0.756079 0.045097 0.038159
20 0.684059 0.517583 0.046670 0.043023
21 0.687467 0.640479 0.048243 0.038159
22 0.688778 0.699214 0.046670 0.038159
23 0.689040 0.756453 0.045097 0.038908
24 0.616938 0.518519 0.047719 0.039656
25 0.617724 0.583614 0.047195 0.038908
26 0.619297 0.641975 0.046146 0.038159
27 0.621133 0.699588 0.045621 0.037411
28 0.621919 0.757202 0.044048 0.038159
29 0.547195 0.519828 0.045621 0.039282
30 0.549030 0.583988 0.046146 0.038159
31 0.550603 0.642162 0.045097 0.038533
32 0.551914 0.699963 0.044573 0.038159
33 0.553749 0.757763 0.044048 0.037785
34 0.555322 0.814815 0.045097 0.038159
35 0.556109 0.871680 0.045621 0.038159
36 0.479811 0.520950 0.047195 0.038533
37 0.481647 0.585484 0.044573 0.038159
38 0.482433 0.643659 0.045097 0.037785
39 0.483744 0.701272 0.045621 0.039282
40 0.486104 0.758511 0.040902 0.037037
41 0.487153 0.816311 0.045097 0.039656
42 0.408233 0.521886 0.052963 0.037411
43 0.412166 0.586046 0.048243 0.037785
44 0.414001 0.645155 0.046670 0.037785
45 0.415574 0.702207 0.046670 0.037411
46 0.417147 0.758885 0.045621 0.037785
47 0.418721 0.816872 0.045621 0.038533
48 0.339014 0.522821 0.047719 0.038533
49 0.343209 0.586794 0.046670 0.038533
50 0.345831 0.646091 0.045621 0.037411
51 0.346880 0.702394 0.045621 0.038533
52 0.349240 0.759820 0.045097 0.038908
53 0.351599 0.817247 0.044573 0.036289
54 0.270320 0.523756 0.047719 0.038159
55 0.274777 0.588477 0.047195 0.036663
56 0.276350 0.646839 0.046146 0.037411
57 0.201626 0.524504 0.047719 0.038908
58 0.206607 0.589226 0.048243 0.038159
59 0.208443 0.648148 0.046670 0.038533
60 0.210278 0.704452 0.047195 0.038908
61 0.450446 0.225215 0.851599 0.057613
62 0.154431 0.882714 0.076036 0.065466
