0 0.221077 0.796369 0.038462 0.049431
1 0.221538 0.872485 0.038154 0.051181
2 0.222462 0.722003 0.038154 0.049431
3 0.223692 0.647419 0.038154 0.050744
4 0.224154 0.572616 0.036615 0.048994
5 0.224615 0.498031 0.036923 0.049431
6 0.225077 0.423447 0.037231 0.048994
7 0.225692 0.350394 0.036000 0.048119
8 0.226615 0.203193 0.036000 0.046807
9 0.226462 0.277122 0.035692 0.049431
10 0.530000 0.195757 0.041538 0.047682
11 0.595385 0.199256 0.040615 0.046807
12 0.709385 0.207787 0.039077 0.047244
13 0.764769 0.210630 0.036615 0.045932
14 0.820308 0.214348 0.038154 0.046369
15 0.530154 0.267279 0.040615 0.048119
16 0.595385 0.269466 0.039385 0.048119
17 0.653077 0.274497 0.037846 0.047682
18 0.710000 0.276684 0.038462 0.047682
19 0.765077 0.279746 0.037846 0.045057
20 0.529385 0.337489 0.041538 0.047682
21 0.652308 0.343395 0.038154 0.046369
22 0.710000 0.345363 0.038462 0.046807
23 0.765538 0.347988 0.037538 0.045932
24 0.529077 0.408355 0.039692 0.050306
25 0.594923 0.409886 0.039077 0.047244
26 0.652462 0.412511 0.037846 0.047244
27 0.711272 0.415601 0.038545 0.049051
28 0.765692 0.416667 0.037846 0.044182
29 0.530000 0.479003 0.038462 0.047244
30 0.595231 0.479878 0.040308 0.047244
31 0.651923 0.482791 0.039231 0.048696
32 0.709692 0.482502 0.038462 0.046369
33 0.766615 0.484252 0.036615 0.044619
34 0.822462 0.485564 0.037538 0.045494
35 0.876462 0.487314 0.036000 0.044619
36 0.529231 0.549869 0.040615 0.048119
37 0.595846 0.551400 0.040923 0.047682
38 0.652923 0.551400 0.037538 0.046807
39 0.709385 0.552712 0.037846 0.046807
40 0.765846 0.553368 0.038154 0.045494
41 0.822769 0.554462 0.037538 0.045057
42 0.529077 0.621172 0.039692 0.048119
43 0.595538 0.622485 0.039692 0.046369
44 0.653077 0.622703 0.037231 0.045932
45 0.709846 0.623360 0.038154 0.045494
46 0.766154 0.623578 0.037538 0.045057
47 0.823538 0.624016 0.039692 0.045932
48 0.529538 0.693132 0.040000 0.048556
49 0.595077 0.693570 0.040615 0.045932
50 0.652769 0.692257 0.037231 0.045057
51 0.710615 0.692695 0.037846 0.045057
52 0.766923 0.693132 0.037846 0.045057
53 0.824000 0.692913 0.038154 0.044619
54 0.528308 0.763123 0.040615 0.046807
55 0.594923 0.764217 0.040308 0.045494
56 0.653077 0.763561 0.037846 0.045932
57 0.528615 0.834864 0.040000 0.048556
58 0.594615 0.833990 0.040308 0.047682
59 0.653846 0.833552 0.038769 0.047682
60 0.711231 0.833115 0.039077 0.048556
61 0.224615 0.575022 0.048000 0.837708
62 0.892154 0.896520 0.051385 0.080879
