0 0.180862 0.244944 0.053874 0.033821
1 0.253720 0.247385 0.054900 0.036611
2 0.328117 0.249826 0.051821 0.034519
3 0.401231 0.251743 0.052335 0.034868
4 0.473320 0.254358 0.052848 0.036611
5 0.544895 0.256450 0.054387 0.035216
6 0.616983 0.258368 0.051821 0.034868
7 0.687532 0.259937 0.051308 0.035216
8 0.757825 0.262378 0.052335 0.033124
9 0.829400 0.264470 0.052848 0.033124
10 0.815290 0.547768 0.047204 0.038354
11 0.811698 0.608787 0.047204 0.038354
12 0.803746 0.718445 0.046691 0.038703
13 0.799897 0.772664 0.046178 0.036960
14 0.797075 0.826883 0.046691 0.037308
15 0.745511 0.545676 0.047204 0.038354
16 0.742175 0.607392 0.045664 0.038354
17 0.739097 0.663354 0.043612 0.037308
18 0.735249 0.717573 0.046178 0.036262
19 0.731657 0.771618 0.046178 0.036262
20 0.677270 0.544107 0.045151 0.037308
21 0.670857 0.661088 0.046691 0.036960
22 0.667265 0.716179 0.046691 0.036960
23 0.664187 0.770397 0.044638 0.037308
24 0.609543 0.543061 0.047204 0.037308
25 0.606208 0.603905 0.046691 0.036960
26 0.603899 0.659519 0.045151 0.035914
27 0.600228 0.715460 0.046018 0.034826
28 0.597999 0.770049 0.046691 0.035914
29 0.541047 0.541667 0.046691 0.038006
30 0.537455 0.602685 0.045664 0.038006
31 0.534377 0.658298 0.045664 0.037657
32 0.531811 0.714086 0.046691 0.036960
33 0.529502 0.768828 0.046178 0.035565
34 0.526937 0.823047 0.047204 0.036611
35 0.523858 0.877964 0.048230 0.035565
36 0.471780 0.538180 0.045664 0.042190
37 0.468958 0.601639 0.046178 0.038703
38 0.466906 0.657775 0.046178 0.038006
39 0.464341 0.713389 0.047204 0.037657
40 0.462288 0.767608 0.045151 0.038703
41 0.459723 0.823222 0.045151 0.037657
42 0.400975 0.538180 0.046691 0.039400
43 0.398409 0.600593 0.047717 0.038006
44 0.396614 0.657078 0.047204 0.037308
45 0.394561 0.712169 0.048230 0.036611
46 0.391996 0.767259 0.047204 0.037308
47 0.389687 0.822873 0.046691 0.036960
48 0.329913 0.537831 0.047204 0.036611
49 0.328117 0.600070 0.045664 0.036960
50 0.326578 0.656729 0.045664 0.036611
51 0.324782 0.711820 0.046178 0.036611
52 0.322986 0.766562 0.046691 0.036611
53 0.320677 0.821827 0.046178 0.036262
54 0.259620 0.536611 0.048230 0.036262
55 0.258851 0.598152 0.046691 0.035914
56 0.257055 0.654986 0.047204 0.038703
57 0.189584 0.535042 0.047717 0.037308
58 0.189071 0.596757 0.047717 0.036611
59 0.187789 0.654114 0.047204 0.036960
60 0.185736 0.710077 0.047204 0.036611
61 0.436891 0.252266 0.867624 0.053347
62 0.119548 0.883020 0.082093 0.056137
