0 0.804878 0.212009 0.050813 0.037194
1 0.656758 0.212540 0.048272 0.036840
2 0.729929 0.213071 0.050305 0.036486
3 0.583587 0.213780 0.045224 0.036486
4 0.511687 0.214488 0.047764 0.035778
5 0.442073 0.215019 0.047764 0.035423
6 0.233740 0.216259 0.048780 0.035778
7 0.372459 0.215728 0.046748 0.034006
8 0.302846 0.216436 0.046748 0.034715
9 0.166667 0.216614 0.047764 0.034361
10 0.822154 0.513107 0.047764 0.041445
11 0.820630 0.577400 0.048780 0.041091
12 0.817835 0.696954 0.049289 0.041445
13 0.816565 0.755225 0.047764 0.039674
14 0.815041 0.815445 0.047764 0.040383
15 0.748476 0.510627 0.048780 0.040028
16 0.746697 0.575983 0.048272 0.039674
17 0.745681 0.635848 0.047256 0.039674
18 0.744919 0.694828 0.045732 0.040028
19 0.744665 0.753100 0.046240 0.041800
20 0.675813 0.509387 0.046748 0.039674
21 0.674289 0.634431 0.047764 0.038966
22 0.673272 0.692880 0.047764 0.039674
23 0.672002 0.750974 0.046240 0.039674
24 0.605691 0.508856 0.048780 0.040028
25 0.604675 0.572972 0.045732 0.038611
26 0.603404 0.631952 0.048272 0.039674
27 0.601433 0.690243 0.048394 0.038650
28 0.602134 0.749203 0.046748 0.038966
29 0.535569 0.507616 0.046748 0.039674
30 0.534807 0.572441 0.046240 0.038966
31 0.532774 0.631066 0.045224 0.038611
32 0.532520 0.688983 0.044715 0.037549
33 0.531504 0.747432 0.045732 0.038257
34 0.531250 0.805349 0.046240 0.039320
35 0.530488 0.862912 0.047764 0.038257
36 0.466209 0.508324 0.046240 0.038966
37 0.465701 0.571732 0.044207 0.039674
38 0.464431 0.630535 0.044715 0.038966
39 0.463923 0.687389 0.045732 0.039320
40 0.462907 0.745661 0.043699 0.041091
41 0.461382 0.803932 0.045732 0.040028
42 0.396341 0.506376 0.045732 0.040028
43 0.395833 0.569784 0.046748 0.038611
44 0.395071 0.628764 0.047256 0.038257
45 0.394563 0.686681 0.047256 0.039320
46 0.393801 0.744598 0.046748 0.039674
47 0.392530 0.802338 0.046240 0.038966
48 0.327490 0.506199 0.044207 0.038257
49 0.326474 0.569075 0.045224 0.037903
50 0.326220 0.627524 0.043699 0.037903
51 0.325457 0.685087 0.044207 0.038966
52 0.325457 0.742118 0.044207 0.038257
53 0.324187 0.800567 0.043699 0.039674
54 0.259909 0.504428 0.046240 0.039674
55 0.258384 0.568190 0.044207 0.038257
56 0.257368 0.626107 0.044207 0.037903
57 0.192073 0.504074 0.044715 0.037549
58 0.191311 0.566950 0.044207 0.037903
59 0.190549 0.625044 0.044715 0.037903
60 0.189533 0.681899 0.045732 0.038966
61 0.435976 0.213603 0.865854 0.048884
62 0.127795 0.862558 0.074695 0.047467
