0 0.217617 0.466446 0.034560 0.047225
1 0.216493 0.179577 0.032312 0.046810
2 0.217336 0.395195 0.033436 0.048053
3 0.217336 0.324772 0.033436 0.047225
4 0.217055 0.252486 0.032874 0.050124
5 0.219022 0.537490 0.033436 0.047639
6 0.219865 0.608326 0.034560 0.046810
7 0.221130 0.678542 0.033155 0.046396
8 0.221832 0.748757 0.032874 0.046810
9 0.222534 0.819594 0.033717 0.046810
10 0.501686 0.167357 0.040180 0.049710
11 0.565889 0.166321 0.041023 0.048467
12 0.683900 0.165079 0.041023 0.048467
13 0.742203 0.164664 0.040180 0.048467
14 0.802894 0.163629 0.041304 0.048882
15 0.501545 0.241094 0.039337 0.049710
16 0.566170 0.239437 0.039337 0.047225
17 0.624614 0.238608 0.038213 0.046396
18 0.683759 0.238401 0.040180 0.049296
19 0.742624 0.238401 0.039337 0.048467
20 0.501826 0.313587 0.039899 0.048053
21 0.624754 0.312345 0.039618 0.047225
22 0.683338 0.311309 0.038775 0.047639
23 0.742203 0.311309 0.039618 0.048467
24 0.501545 0.384424 0.039337 0.048882
25 0.564203 0.385253 0.038213 0.047225
26 0.624052 0.383803 0.039337 0.045982
27 0.682776 0.382974 0.038775 0.046810
28 0.741641 0.382767 0.039618 0.047225
29 0.501405 0.454018 0.038494 0.051367
30 0.563922 0.453397 0.039899 0.050124
31 0.623349 0.453811 0.038494 0.050124
32 0.682214 0.453604 0.038775 0.051367
33 0.741641 0.453397 0.038494 0.048467
34 0.801068 0.455675 0.039337 0.049710
35 0.860635 0.454225 0.038775 0.046810
36 0.501686 0.526098 0.040180 0.048053
37 0.564203 0.526926 0.039899 0.048053
38 0.623490 0.526719 0.038775 0.048467
39 0.682776 0.526512 0.041023 0.048882
40 0.741079 0.526719 0.040742 0.049296
41 0.801208 0.526098 0.039618 0.047225
42 0.501405 0.598177 0.039618 0.048053
43 0.563641 0.598592 0.041585 0.048053
44 0.623490 0.598592 0.037651 0.047225
45 0.682917 0.598799 0.040180 0.046810
46 0.740938 0.599420 0.039337 0.046396
47 0.800365 0.599834 0.039618 0.047225
48 0.501405 0.670464 0.039056 0.047639
49 0.564484 0.671085 0.038213 0.047225
50 0.624192 0.670878 0.037932 0.046810
51 0.682214 0.670257 0.038775 0.045568
52 0.740236 0.670878 0.039056 0.045982
53 0.800506 0.671292 0.039899 0.046810
54 0.500562 0.740472 0.040180 0.047639
55 0.564906 0.741094 0.037932 0.046396
56 0.623771 0.741715 0.038775 0.045982
57 0.501405 0.810688 0.040180 0.048053
58 0.565187 0.811723 0.039056 0.047639
59 0.623349 0.811309 0.038494 0.047639
60 0.681793 0.813173 0.039056 0.048053
61 0.223377 0.553645 0.044394 0.857912
62 0.865833 0.882121 0.062658 0.074930
