0 0.254327 0.149049 0.032787 0.049850
0 0.253977 0.218914 0.032087 0.047437
0 0.254674 0.290210 0.033481 0.049890
0 0.254813 0.360691 0.031040 0.046707
0 0.254568 0.431777 0.031910 0.048739
0 0.254813 0.502998 0.031040 0.047037
0 0.254918 0.571306 0.032610 0.045516
0 0.255625 0.646637 0.031305 0.050030
0 0.254674 0.713043 0.033481 0.046707
0 0.254562 0.786196 0.034616 0.048869
1 0.524412 0.126421 0.039986 0.048639
1 0.589055 0.126777 0.040109 0.049349
1 0.705139 0.124700 0.038423 0.041191
1 0.762682 0.124600 0.037940 0.048999
1 0.820602 0.122467 0.036852 0.044735
2 0.524636 0.197247 0.039075 0.050150
2 0.588919 0.195440 0.039837 0.048539
2 0.647447 0.196637 0.041326 0.044925
2 0.705129 0.195155 0.035683 0.045966
2 0.762022 0.195541 0.039341 0.044735
3 0.526298 0.269074 0.038321 0.047658
3 0.646183 0.266547 0.038797 0.046607
3 0.705306 0.266191 0.040116 0.045896
3 0.763933 0.265070 0.037723 0.047658
4 0.525772 0.338348 0.038627 0.048068
4 0.588882 0.336356 0.039762 0.044084
4 0.646142 0.335731 0.038715 0.048839
4 0.703882 0.336617 0.038627 0.044605
4 0.760925 0.333674 0.037145 0.044725
5 0.523681 0.406812 0.034446 0.044855
5 0.589701 0.406547 0.037322 0.044324
5 0.646751 0.406857 0.038572 0.048949
5 0.704820 0.405085 0.036424 0.043403
5 0.762604 0.406281 0.036424 0.043794
5 0.820568 0.403128 0.036785 0.047497
5 0.879120 0.404139 0.036961 0.045516
6 0.525000 0.477152 0.039803 0.045395
6 0.588647 0.478088 0.039293 0.047267
6 0.645286 0.475460 0.038362 0.048018
6 0.704130 0.477022 0.037763 0.043133
6 0.763018 0.476336 0.039973 0.047768
6 0.820721 0.472457 0.041169 0.048018
7 0.525133 0.548103 0.038708 0.043153
7 0.588630 0.548353 0.040619 0.043654
7 0.645636 0.548684 0.039062 0.050320
7 0.703423 0.546306 0.036349 0.041562
7 0.762046 0.546016 0.038029 0.044985
7 0.821074 0.546176 0.041876 0.045305
8 0.526122 0.621246 0.039327 0.045295
8 0.590248 0.619685 0.042495 0.044174
8 0.646434 0.617758 0.037940 0.046326
8 0.703899 0.617553 0.042740 0.043914
8 0.761754 0.617543 0.038804 0.045896
8 0.820877 0.616341 0.042842 0.043493
9 0.522933 0.686882 0.041108 0.050440
9 0.589164 0.689039 0.041686 0.048749
9 0.645676 0.685470 0.043222 0.047618
10 0.522712 0.760981 0.037947 0.048488
10 0.587542 0.758078 0.038443 0.050691
10 0.644857 0.757938 0.038865 0.046406
10 0.704487 0.759615 0.037118 0.047758
