0 0.224697 0.163270 0.034653 0.047837
0 0.223735 0.236689 0.034378 0.049085
0 0.223047 0.310524 0.034653 0.048669
0 0.222497 0.385191 0.034653 0.048253
0 0.220435 0.459443 0.037129 0.051165
0 0.220435 0.534942 0.037129 0.050749
0 0.220022 0.610233 0.036304 0.050749
0 0.219884 0.688020 0.036029 0.052413
0 0.219334 0.764559 0.036029 0.050749
0 0.218922 0.844426 0.036854 0.051581
1 0.512239 0.155782 0.039329 0.048669
1 0.575083 0.155990 0.039604 0.048253
1 0.688944 0.155990 0.037954 0.048253
1 0.745187 0.156614 0.039329 0.047837
1 0.802668 0.156822 0.039329 0.047421
2 0.511826 0.227537 0.039604 0.052413
2 0.576183 0.227745 0.036854 0.053661
2 0.633938 0.227745 0.036854 0.047837
2 0.690457 0.226913 0.037679 0.049501
2 0.747112 0.227121 0.039879 0.050749
3 0.512376 0.301581 0.040154 0.047421
3 0.634626 0.299917 0.039329 0.047421
3 0.692107 0.299501 0.037679 0.046589
3 0.749175 0.299085 0.038504 0.047421
4 0.512239 0.371880 0.041529 0.047421
4 0.577695 0.372088 0.038229 0.047005
4 0.636001 0.371464 0.038779 0.047421
4 0.692932 0.370216 0.037679 0.048253
4 0.750688 0.369800 0.038779 0.049085
5 0.513614 0.445507 0.038229 0.049085
5 0.577970 0.444676 0.036579 0.049085
5 0.636414 0.444052 0.038504 0.048669
5 0.694582 0.443428 0.036579 0.047421
5 0.752888 0.442388 0.038779 0.047837
5 0.810094 0.441348 0.038229 0.046589
5 0.866887 0.440932 0.039054 0.048253
6 0.514301 0.517679 0.040154 0.049501
6 0.578933 0.517679 0.037954 0.050333
6 0.638476 0.517471 0.039329 0.048253
6 0.696095 0.516639 0.037404 0.047421
6 0.754125 0.515807 0.040154 0.050749
6 0.813256 0.514559 0.040154 0.049917
7 0.514989 0.594010 0.041529 0.049917
7 0.580308 0.593594 0.039054 0.051581
7 0.639989 0.591930 0.039604 0.051581
7 0.698157 0.591098 0.038229 0.049917
7 0.755913 0.591098 0.038779 0.047421
7 0.815319 0.590058 0.039879 0.049501
8 0.515402 0.670133 0.040704 0.050749
8 0.581133 0.668677 0.039054 0.050333
8 0.641089 0.667429 0.039054 0.050333
8 0.699807 0.665765 0.039329 0.047837
8 0.757701 0.664933 0.039054 0.048669
8 0.816832 0.663270 0.038504 0.048669
9 0.515952 0.744176 0.040704 0.050749
9 0.581683 0.743344 0.038504 0.049917
9 0.642189 0.742512 0.038504 0.049917
10 0.517052 0.822379 0.041254 0.051581
10 0.583196 0.819884 0.040429 0.053245
10 0.643427 0.818636 0.039329 0.051581
10 0.703108 0.818012 0.039879 0.051997
