0 0.238997 0.182559 0.033777 0.050889
0 0.239338 0.252964 0.033095 0.050395
0 0.239168 0.324111 0.032071 0.049407
0 0.239338 0.395257 0.032412 0.052372
0 0.240020 0.466156 0.031047 0.052866
0 0.239509 0.536561 0.032071 0.051383
0 0.238997 0.607708 0.030365 0.051383
0 0.239168 0.680583 0.030706 0.052866
0 0.238656 0.752470 0.031730 0.050395
0 0.238656 0.823864 0.030365 0.051877
1 0.525930 0.172925 0.041283 0.045455
1 0.589730 0.173172 0.039236 0.045949
1 0.704367 0.172678 0.038553 0.045949
1 0.761344 0.171937 0.039236 0.045455
1 0.819345 0.171443 0.039236 0.046443
2 0.526783 0.244071 0.040942 0.046443
2 0.590242 0.243330 0.038895 0.046937
2 0.648755 0.243083 0.038553 0.044466
2 0.704708 0.242589 0.038553 0.045455
2 0.762368 0.241848 0.038553 0.044960
3 0.526953 0.312994 0.039918 0.046937
3 0.648414 0.311759 0.037871 0.047431
3 0.704879 0.311018 0.036847 0.047925
3 0.762538 0.310524 0.039577 0.045949
4 0.526783 0.380682 0.039577 0.047925
4 0.590413 0.381423 0.037871 0.045455
4 0.649608 0.380682 0.037530 0.045949
4 0.706073 0.379941 0.037871 0.045455
4 0.763562 0.378211 0.037530 0.045949
5 0.528489 0.452075 0.039577 0.045455
5 0.591948 0.450840 0.038895 0.046937
5 0.649778 0.450099 0.037189 0.046443
5 0.706585 0.449605 0.037530 0.044466
5 0.764756 0.447628 0.037189 0.045455
5 0.822245 0.446640 0.038212 0.047431
5 0.880075 0.446393 0.039236 0.047925
6 0.529000 0.518528 0.038553 0.046937
6 0.591607 0.519269 0.039577 0.047431
6 0.650972 0.518034 0.038895 0.045949
6 0.708632 0.518775 0.039577 0.046443
6 0.764585 0.518034 0.038895 0.044960
6 0.824633 0.517787 0.039577 0.043478
7 0.529512 0.589180 0.039577 0.049901
7 0.592631 0.589674 0.037530 0.052866
7 0.651484 0.587945 0.036506 0.050395
7 0.709485 0.587451 0.039236 0.049407
7 0.766974 0.587451 0.036165 0.048419
7 0.825827 0.586957 0.039236 0.046443
8 0.530024 0.662549 0.039918 0.047431
8 0.594678 0.662796 0.040259 0.051877
8 0.653190 0.660079 0.037871 0.052372
8 0.709997 0.659585 0.037530 0.053360
8 0.766803 0.657856 0.038553 0.049901
8 0.826510 0.656868 0.039236 0.046937
9 0.530024 0.733202 0.039918 0.046443
9 0.595189 0.732460 0.040600 0.047925
9 0.653872 0.729990 0.037871 0.045949
10 0.531047 0.803113 0.038553 0.046937
10 0.594848 0.801630 0.038553 0.047925
10 0.654214 0.800642 0.038553 0.047925
10 0.711532 0.799654 0.038553 0.047925
