0 0.221937 0.169110 0.033749 0.051574
0 0.221020 0.242400 0.032649 0.050489
0 0.220470 0.313789 0.032282 0.048860
0 0.220286 0.383279 0.031915 0.049946
0 0.219186 0.457383 0.033382 0.050489
0 0.218085 0.529045 0.033382 0.047231
0 0.217168 0.601249 0.035950 0.048317
0 0.217351 0.673181 0.033382 0.049946
0 0.217902 0.744571 0.033015 0.049403
0 0.216801 0.815961 0.032282 0.051031
1 0.507520 0.171010 0.039985 0.047774
1 0.572450 0.173181 0.040719 0.048860
1 0.686354 0.175896 0.038885 0.047774
1 0.743947 0.177253 0.039618 0.047231
1 0.802458 0.178882 0.039985 0.047231
2 0.506970 0.243757 0.038885 0.047774
2 0.570066 0.245385 0.038151 0.046688
2 0.628944 0.247014 0.037784 0.046688
2 0.685987 0.247828 0.038885 0.046145
2 0.743213 0.248371 0.038885 0.048317
3 0.507337 0.314604 0.038151 0.048317
3 0.626926 0.318132 0.038151 0.048860
3 0.683969 0.319490 0.036317 0.047231
3 0.742480 0.320304 0.038885 0.046688
4 0.505136 0.385993 0.036684 0.051031
4 0.567682 0.387351 0.036317 0.052660
4 0.626009 0.388708 0.037784 0.047774
4 0.683419 0.389251 0.037417 0.047774
4 0.740646 0.390337 0.038885 0.046688
5 0.504585 0.456569 0.037784 0.047774
5 0.567498 0.457383 0.038151 0.047231
5 0.624908 0.458198 0.037784 0.044517
5 0.682318 0.460369 0.036684 0.045603
5 0.739912 0.461726 0.038151 0.046145
5 0.797139 0.462812 0.036684 0.047231
5 0.855099 0.464712 0.037417 0.047774
6 0.503302 0.527416 0.039618 0.047231
6 0.566214 0.529045 0.038518 0.047231
6 0.624175 0.529859 0.038518 0.046688
6 0.681218 0.530673 0.039618 0.047231
6 0.738628 0.532573 0.039252 0.044517
6 0.797506 0.533931 0.040352 0.046145
7 0.503118 0.598534 0.039985 0.047231
7 0.566581 0.599891 0.037784 0.047774
7 0.623991 0.601520 0.038151 0.047774
7 0.681034 0.602606 0.037784 0.047774
7 0.737711 0.604235 0.038151 0.047774
7 0.796588 0.605320 0.038518 0.046688
8 0.502935 0.669924 0.037417 0.046688
8 0.565481 0.671281 0.036317 0.046145
8 0.623624 0.672910 0.037417 0.046145
8 0.680851 0.673996 0.038151 0.046145
8 0.737711 0.674267 0.038151 0.046688
8 0.794754 0.675081 0.037784 0.046145
9 0.501651 0.741042 0.038518 0.047774
9 0.565114 0.742671 0.037784 0.046688
9 0.622891 0.743757 0.036684 0.045603
10 0.501467 0.811346 0.038151 0.048317
10 0.564197 0.811346 0.038151 0.048317
10 0.621790 0.812975 0.038151 0.048317
10 0.679017 0.814604 0.037417 0.048317
