0 0.254327 0.149049 0.032787 0.049850
1 0.253977 0.218914 0.032087 0.047437
2 0.254674 0.290210 0.033481 0.049890
3 0.254813 0.360691 0.031040 0.046707
4 0.254568 0.431777 0.031910 0.048739
5 0.254813 0.502998 0.031040 0.047037
6 0.254918 0.571306 0.032610 0.045516
7 0.255625 0.646637 0.031305 0.050030
8 0.254674 0.713043 0.033481 0.046707
9 0.254562 0.786196 0.034616 0.048869
10 0.524412 0.126421 0.039986 0.048639
11 0.589055 0.126777 0.040109 0.049349
12 0.705139 0.124700 0.038423 0.041191
13 0.762682 0.124600 0.037940 0.048999
14 0.820602 0.122467 0.036852 0.044735
15 0.524636 0.197247 0.039075 0.050150
16 0.588919 0.195440 0.039837 0.048539
17 0.647447 0.196637 0.041326 0.044925
18 0.705129 0.195155 0.035683 0.045966
19 0.762022 0.195541 0.039341 0.044735
20 0.526298 0.269074 0.038321 0.047658
21 0.646183 0.266547 0.038797 0.046607
22 0.705306 0.266191 0.040116 0.045896
23 0.763933 0.265070 0.037723 0.047658
24 0.525772 0.338348 0.038627 0.048068
25 0.588882 0.336356 0.039762 0.044084
26 0.646142 0.335731 0.038715 0.048839
27 0.703882 0.336617 0.038627 0.044605
28 0.760925 0.333674 0.037145 0.044725
29 0.523681 0.406812 0.034446 0.044855
30 0.589701 0.406547 0.037322 0.044324
31 0.646751 0.406857 0.038572 0.048949
32 0.704820 0.405085 0.036424 0.043403
33 0.762604 0.406281 0.036424 0.043794
34 0.820568 0.403128 0.036785 0.047497
35 0.879120 0.404139 0.036961 0.045516
36 0.525000 0.477152 0.039803 0.045395
37 0.588647 0.478088 0.039293 0.047267
38 0.645286 0.475460 0.038362 0.048018
39 0.704130 0.477022 0.037763 0.043133
40 0.763018 0.476336 0.039973 0.047768
41 0.820721 0.472457 0.041169 0.048018
42 0.525133 0.548103 0.038708 0.043153
43 0.588630 0.548353 0.040619 0.043654
44 0.645636 0.548684 0.039062 0.050320
45 0.703423 0.546306 0.036349 0.041562
46 0.762046 0.546016 0.038029 0.044985
47 0.821074 0.546176 0.041876 0.045305
48 0.526122 0.621246 0.039327 0.045295
49 0.590248 0.619685 0.042495 0.044174
50 0.646434 0.617758 0.037940 0.046326
51 0.703899 0.617553 0.042740 0.043914
52 0.761754 0.617543 0.038804 0.045896
53 0.820877 0.616341 0.042842 0.043493
54 0.522933 0.686882 0.041108 0.050440
55 0.589164 0.689039 0.041686 0.048749
56 0.645676 0.685470 0.043222 0.047618
57 0.522712 0.760981 0.037947 0.048488
58 0.587542 0.758078 0.038443 0.050691
59 0.644857 0.757938 0.038865 0.046406
60 0.704487 0.759615 0.037118 0.047758
