0 0.208305 0.120388 0.038520 0.052974
1 0.207678 0.197102 0.033461 0.056839
2 0.208551 0.275141 0.034447 0.051802
3 0.208944 0.351255 0.035234 0.047490
4 0.210162 0.425008 0.032343 0.046859
5 0.209030 0.497695 0.034644 0.052526
6 0.209167 0.574539 0.033397 0.048839
7 0.209954 0.647914 0.034971 0.050005
8 0.207682 0.722591 0.037273 0.048568
9 0.207516 0.795659 0.036942 0.052432
10 0.510590 0.124729 0.045903 0.053667
11 0.582016 0.125424 0.045736 0.053318
12 0.714812 0.125888 0.047349 0.052391
13 0.781455 0.126641 0.047505 0.055052
14 0.847607 0.127333 0.047440 0.053667
15 0.507219 0.205466 0.044488 0.052609
16 0.579500 0.205307 0.044507 0.051885
17 0.645314 0.206727 0.044526 0.052172
18 0.711411 0.208469 0.043591 0.048688
19 0.778005 0.207174 0.046691 0.052318
20 0.505888 0.280896 0.042587 0.051750
21 0.643163 0.283451 0.044028 0.047682
22 0.708701 0.286008 0.044256 0.045693
23 0.774500 0.285536 0.044245 0.049760
24 0.503766 0.355208 0.042906 0.046875
25 0.577651 0.356219 0.043853 0.044854
26 0.640521 0.359240 0.044070 0.048188
27 0.706276 0.360245 0.045493 0.049302
28 0.771523 0.361055 0.042857 0.047682
29 0.503393 0.431177 0.043682 0.043896
30 0.573965 0.431935 0.043328 0.048630
31 0.637921 0.435708 0.041153 0.048375
32 0.704175 0.436331 0.039768 0.045047
33 0.769618 0.436276 0.044370 0.046198
34 0.833526 0.438039 0.048186 0.047880
35 0.900388 0.437391 0.045736 0.056469
36 0.501824 0.504615 0.042826 0.045979
37 0.571955 0.505036 0.040829 0.045135
38 0.636164 0.509365 0.039159 0.043771
39 0.701259 0.510750 0.043066 0.048292
40 0.767189 0.510307 0.046360 0.053344
41 0.830799 0.513091 0.046535 0.048818
42 0.500614 0.580138 0.043450 0.049099
43 0.569325 0.582172 0.040133 0.045031
44 0.633553 0.583391 0.043066 0.045719
45 0.698013 0.585411 0.042659 0.044802
46 0.764072 0.588581 0.046972 0.046797
47 0.827394 0.591094 0.045812 0.048021
48 0.498300 0.651216 0.038821 0.045484
49 0.566776 0.654497 0.035036 0.043089
50 0.634367 0.654948 0.038608 0.043229
51 0.696725 0.656932 0.046930 0.042385
52 0.758889 0.660690 0.047258 0.046328
53 0.826008 0.662844 0.041518 0.046188
54 0.500595 0.724237 0.040369 0.045276
55 0.567083 0.727513 0.044017 0.049141
56 0.631407 0.729544 0.041818 0.044036
57 0.496632 0.798479 0.043092 0.049917
58 0.565407 0.803107 0.039905 0.048995
59 0.627921 0.802177 0.043975 0.044604
60 0.690863 0.807268 0.041293 0.040672
