0 0.254703 0.162243 0.034423 0.050245
1 0.252882 0.234863 0.033449 0.048570
2 0.251408 0.306680 0.033169 0.049207
3 0.252005 0.379378 0.033029 0.049647
4 0.251408 0.448462 0.033169 0.050695
5 0.249089 0.518266 0.031201 0.045348
6 0.249303 0.588717 0.034296 0.051087
7 0.249056 0.660176 0.032468 0.049050
8 0.248109 0.731993 0.034576 0.049687
9 0.247265 0.801131 0.032889 0.048883
10 0.523689 0.137316 0.038706 0.043487
11 0.586161 0.137003 0.036898 0.044819
12 0.701371 0.136944 0.036498 0.044701
13 0.760727 0.135828 0.037799 0.048345
14 0.818766 0.136195 0.037799 0.049079
15 0.523225 0.209990 0.037779 0.045837
16 0.586664 0.210470 0.039239 0.046797
17 0.643459 0.209329 0.036751 0.046474
18 0.701865 0.208301 0.037485 0.046376
19 0.759493 0.208139 0.037999 0.046053
20 0.522438 0.280279 0.038873 0.049295
21 0.643889 0.279564 0.038946 0.049824
22 0.700977 0.279094 0.037045 0.046925
23 0.758122 0.278879 0.037925 0.046494
24 0.521624 0.350157 0.038579 0.046053
25 0.585157 0.349706 0.037558 0.049070
26 0.642865 0.349878 0.036898 0.047453
27 0.700000 0.348590 0.039093 0.044878
28 0.758276 0.347424 0.036898 0.048423
29 0.521298 0.420627 0.037925 0.045955
30 0.585120 0.420480 0.037485 0.043702
31 0.641091 0.420039 0.036017 0.044780
32 0.699827 0.419755 0.037412 0.046170
33 0.757902 0.418820 0.037485 0.048217
34 0.815530 0.418874 0.037999 0.048325
35 0.873149 0.418668 0.039827 0.045955
36 0.520557 0.490333 0.037779 0.046288
37 0.583786 0.490548 0.037485 0.046719
38 0.641731 0.490548 0.034630 0.046719
39 0.699900 0.490602 0.037558 0.046827
40 0.756935 0.490588 0.038219 0.048756
41 0.815677 0.489236 0.038292 0.048012
42 0.520073 0.563071 0.038145 0.048766
43 0.582478 0.562199 0.038873 0.048981
44 0.640344 0.561391 0.037191 0.047365
45 0.698756 0.562277 0.036604 0.045220
46 0.755974 0.561190 0.037632 0.045005
47 0.814633 0.560965 0.038873 0.046513
48 0.519003 0.633105 0.037338 0.047796
49 0.581738 0.631738 0.038726 0.048981
50 0.640033 0.631954 0.039239 0.049412
51 0.699069 0.633320 0.039900 0.048227
52 0.754446 0.632463 0.038579 0.046513
53 0.813299 0.631322 0.038873 0.046190
54 0.518672 0.704275 0.038012 0.047140
55 0.581968 0.703237 0.037852 0.047023
56 0.639073 0.702698 0.038652 0.047904
57 0.517738 0.774701 0.038813 0.046954
58 0.581241 0.774314 0.037732 0.048139
59 0.639153 0.775000 0.038813 0.047551
60 0.696624 0.772801 0.039013 0.047071
