0 0.215706 0.195038 0.035388 0.049625
1 0.216302 0.339585 0.034195 0.047894
2 0.214911 0.485574 0.034592 0.047894
3 0.214513 0.555684 0.034592 0.048471
4 0.212326 0.628102 0.035785 0.049048
5 0.212127 0.701096 0.035388 0.049625
6 0.212326 0.773226 0.034990 0.049625
7 0.211730 0.845066 0.034592 0.050202
10 0.508549 0.188979 0.039761 0.049048
11 0.573757 0.188979 0.040557 0.050202
12 0.692644 0.188979 0.039761 0.049048
13 0.751690 0.188690 0.040159 0.048471
14 0.811928 0.188979 0.039761 0.047894
15 0.506759 0.261396 0.038569 0.048471
16 0.572565 0.261396 0.039761 0.048471
17 0.633002 0.261396 0.039761 0.048471
18 0.692445 0.261396 0.039364 0.048471
19 0.750696 0.261396 0.039761 0.048471
20 0.507157 0.332372 0.039364 0.048471
21 0.632207 0.333237 0.038966 0.047894
22 0.691451 0.333237 0.038966 0.047894
23 0.750696 0.333237 0.039761 0.047894
24 0.506163 0.403635 0.039761 0.047894
25 0.571769 0.404789 0.039761 0.050202
26 0.632008 0.405078 0.039364 0.049625
27 0.691252 0.404789 0.038569 0.049048
28 0.749702 0.404789 0.040159 0.049048
29 0.505169 0.476342 0.040954 0.047894
30 0.570577 0.476630 0.039761 0.048471
31 0.630219 0.476630 0.038171 0.047317
32 0.690060 0.476342 0.039364 0.047894
33 0.749702 0.476919 0.038569 0.049048
34 0.809940 0.477207 0.038966 0.049625
35 0.869583 0.475765 0.038966 0.049048
36 0.504970 0.546163 0.041352 0.049048
37 0.570775 0.546740 0.040159 0.049048
38 0.630417 0.547894 0.038569 0.047894
39 0.689463 0.548471 0.039761 0.047894
40 0.749304 0.547317 0.039364 0.049048
41 0.810338 0.547605 0.040557 0.049625
42 0.504175 0.620312 0.041352 0.049625
43 0.569980 0.619446 0.040159 0.049048
44 0.630219 0.620600 0.038171 0.049048
45 0.689463 0.620600 0.039761 0.049048
46 0.748509 0.621466 0.039364 0.048471
47 0.809145 0.621754 0.039761 0.047894
48 0.504175 0.692152 0.038966 0.047894
49 0.569384 0.692441 0.039761 0.049625
50 0.629821 0.692729 0.038966 0.049048
51 0.689264 0.693018 0.040159 0.048471
52 0.748111 0.693883 0.038569 0.047894
53 0.808748 0.694172 0.039761 0.047317
54 0.503579 0.764859 0.040159 0.049048
55 0.569384 0.765147 0.038966 0.049625
56 0.629622 0.765147 0.040159 0.047317
57 0.503380 0.836699 0.039761 0.049625
58 0.569185 0.836699 0.040159 0.049625
59 0.629026 0.836988 0.038171 0.050202
60 0.688270 0.837276 0.038966 0.048471
