0 0.205915 0.190054 0.034750 0.050000
1 0.206654 0.264785 0.036229 0.051075
2 0.208688 0.338441 0.036599 0.048925
3 0.211091 0.412097 0.036229 0.045699
4 0.211275 0.483871 0.035860 0.048387
5 0.212754 0.554570 0.034381 0.046774
6 0.213309 0.625538 0.034011 0.048925
7 0.214787 0.695430 0.034011 0.048925
8 0.214418 0.764247 0.034750 0.051075
9 0.215342 0.836290 0.034381 0.050000
10 0.500185 0.181989 0.039187 0.052151
11 0.564510 0.180376 0.042884 0.050000
12 0.685397 0.179301 0.039926 0.048925
13 0.744547 0.178763 0.040665 0.048925
14 0.805360 0.178495 0.041035 0.049462
15 0.499076 0.255108 0.040665 0.048925
16 0.564510 0.254839 0.039926 0.048387
17 0.624769 0.254032 0.039187 0.046774
18 0.684473 0.253495 0.039556 0.047849
19 0.744177 0.252419 0.040665 0.048925
20 0.499630 0.328495 0.039556 0.048387
21 0.624030 0.327419 0.039187 0.047312
22 0.683364 0.326882 0.038078 0.048387
23 0.742884 0.326344 0.040296 0.048387
24 0.499445 0.399731 0.038447 0.047849
25 0.563956 0.399731 0.039556 0.047849
26 0.623475 0.398925 0.039556 0.046237
27 0.682994 0.397849 0.038817 0.047312
28 0.742329 0.397312 0.039187 0.046237
29 0.498891 0.470968 0.038817 0.047312
30 0.564140 0.470430 0.039926 0.048387
31 0.623105 0.470161 0.039556 0.046774
32 0.682070 0.470161 0.039187 0.046774
33 0.742144 0.469624 0.038817 0.046774
34 0.801294 0.469355 0.039556 0.047312
35 0.860813 0.469086 0.038817 0.047849
36 0.500000 0.540860 0.038078 0.050538
37 0.563956 0.540860 0.038817 0.048387
38 0.623105 0.540860 0.038817 0.047312
39 0.681701 0.540860 0.039187 0.048387
40 0.740111 0.540591 0.039187 0.047849
41 0.801294 0.540860 0.040296 0.046237
42 0.500000 0.614247 0.038078 0.051075
43 0.564140 0.614516 0.037708 0.055914
44 0.623660 0.613978 0.036229 0.054839
45 0.681701 0.613441 0.036969 0.054839
46 0.739556 0.612903 0.036599 0.049462
47 0.801477 0.612215 0.042880 0.050839
48 0.500370 0.685753 0.037338 0.047849
49 0.563771 0.686828 0.037708 0.050000
50 0.623475 0.687097 0.037338 0.050538
51 0.681701 0.686559 0.037708 0.050538
52 0.739926 0.685484 0.038078 0.049462
53 0.800000 0.684946 0.037708 0.048387
54 0.500739 0.754839 0.037338 0.046237
55 0.563401 0.755645 0.037708 0.046774
56 0.622921 0.754570 0.039187 0.045699
57 0.499815 0.824731 0.036969 0.048387
58 0.563401 0.824194 0.038447 0.046237
59 0.622181 0.824194 0.037708 0.048387
60 0.680037 0.824462 0.038817 0.048925
