0 0.239820 0.169367 0.033514 0.052274
1 0.238018 0.239153 0.032072 0.048615
2 0.237838 0.308416 0.032432 0.049137
3 0.238198 0.376895 0.032432 0.049137
4 0.237117 0.447726 0.033153 0.049660
5 0.237297 0.516728 0.033514 0.049660
6 0.236036 0.588082 0.034595 0.049137
7 0.235676 0.660220 0.034595 0.050183
8 0.234054 0.733142 0.034955 0.049660
9 0.232613 0.806587 0.034234 0.052274
10 0.521982 0.164140 0.037838 0.047047
11 0.584505 0.163879 0.038198 0.047569
12 0.698739 0.163095 0.038919 0.048092
13 0.755495 0.161004 0.037838 0.046001
14 0.813694 0.160481 0.039640 0.046001
15 0.521441 0.232096 0.038198 0.046001
16 0.584324 0.231835 0.038559 0.045478
17 0.642342 0.231051 0.037838 0.044956
18 0.699099 0.231051 0.037477 0.046001
19 0.757117 0.229221 0.038919 0.046524
20 0.522162 0.301359 0.037477 0.046524
21 0.642342 0.299530 0.038559 0.046001
22 0.700360 0.298745 0.040000 0.045478
23 0.757838 0.297700 0.039640 0.046524
24 0.521982 0.367747 0.038559 0.046524
25 0.585045 0.367747 0.038559 0.046524
26 0.643243 0.367224 0.037477 0.046524
27 0.701261 0.366702 0.038198 0.046524
28 0.759459 0.365395 0.038559 0.046001
29 0.521982 0.437010 0.039279 0.046001
30 0.586126 0.437271 0.037838 0.044433
31 0.644505 0.436487 0.037838 0.043910
32 0.701982 0.435964 0.038198 0.044956
33 0.760541 0.435180 0.039279 0.046524
34 0.819099 0.435180 0.038198 0.047569
35 0.877838 0.434919 0.038919 0.047047
36 0.521802 0.507057 0.039640 0.046001
37 0.586126 0.507057 0.039279 0.047047
38 0.645045 0.505489 0.038198 0.044956
39 0.703063 0.505227 0.039640 0.046524
40 0.761081 0.505489 0.041081 0.046001
41 0.820901 0.505227 0.041081 0.048615
42 0.522342 0.578150 0.039279 0.046001
43 0.587748 0.578150 0.038919 0.046001
44 0.646306 0.577888 0.039279 0.046524
45 0.704505 0.576843 0.038919 0.047569
46 0.762883 0.577104 0.038919 0.047047
47 0.823243 0.576843 0.040000 0.047569
48 0.523243 0.649503 0.038919 0.046524
49 0.587387 0.649242 0.040360 0.046001
50 0.647928 0.649242 0.038919 0.044956
51 0.706306 0.649765 0.038198 0.046001
52 0.764685 0.648719 0.039640 0.047047
53 0.824324 0.648197 0.040000 0.046001
54 0.523423 0.720857 0.040000 0.048092
55 0.588649 0.720857 0.039279 0.047047
56 0.648649 0.721641 0.038919 0.047569
57 0.523604 0.792995 0.038919 0.052274
58 0.589550 0.791950 0.038919 0.049137
59 0.649369 0.792211 0.038198 0.048615
60 0.708829 0.793257 0.039640 0.047569
