0 0.215309 0.197872 0.032865 0.050213
1 0.215169 0.274255 0.033146 0.048085
2 0.215730 0.347660 0.033146 0.048511
3 0.216573 0.420638 0.033708 0.048936
4 0.217416 0.495319 0.033708 0.048511
5 0.218258 0.569787 0.034270 0.049362
6 0.218961 0.642766 0.033989 0.048936
7 0.219944 0.715745 0.035955 0.051064
8 0.221067 0.788723 0.033708 0.048085
9 0.222331 0.863191 0.035112 0.050638
10 0.501545 0.169574 0.040169 0.048936
11 0.564888 0.168936 0.039888 0.047660
12 0.679354 0.168936 0.038483 0.048511
13 0.735393 0.168298 0.038764 0.048936
14 0.793118 0.167872 0.038483 0.048936
15 0.502388 0.244043 0.037921 0.048936
16 0.565309 0.242979 0.037921 0.049362
17 0.623034 0.242553 0.038202 0.048511
18 0.680056 0.241702 0.038764 0.048511
19 0.736376 0.241702 0.037921 0.050213
20 0.503230 0.316809 0.040169 0.049787
21 0.623455 0.315106 0.037921 0.048085
22 0.680618 0.314894 0.038202 0.047660
23 0.736376 0.313830 0.037921 0.048936
24 0.503230 0.389574 0.040169 0.048936
25 0.566152 0.388936 0.037921 0.049362
26 0.623596 0.387234 0.037079 0.050213
27 0.681039 0.387234 0.036798 0.051064
28 0.737219 0.386809 0.037921 0.051064
29 0.504916 0.462553 0.039045 0.048511
30 0.566713 0.460426 0.039045 0.049362
31 0.624298 0.460000 0.036236 0.048511
32 0.681742 0.458723 0.038202 0.047660
33 0.738062 0.457447 0.039045 0.047660
34 0.794663 0.456170 0.037640 0.046809
35 0.851966 0.455745 0.037079 0.048511
36 0.504494 0.534043 0.039888 0.049362
37 0.567837 0.531702 0.037921 0.048936
38 0.624719 0.531702 0.037640 0.048085
39 0.682022 0.530000 0.038764 0.049787
40 0.738764 0.528085 0.039326 0.049362
41 0.796489 0.527872 0.037921 0.049787
42 0.505478 0.607660 0.040169 0.048511
43 0.568258 0.606170 0.038202 0.047234
44 0.625421 0.605745 0.037360 0.046383
45 0.683006 0.603830 0.037360 0.048511
46 0.739185 0.602128 0.038483 0.047660
47 0.796489 0.601277 0.037921 0.048511
48 0.506180 0.681277 0.039326 0.050213
49 0.568680 0.678298 0.036798 0.048511
50 0.625983 0.677021 0.037921 0.049362
51 0.683287 0.676596 0.037921 0.048511
52 0.739466 0.675532 0.037921 0.048085
53 0.796910 0.674043 0.037640 0.047660
54 0.505618 0.751489 0.038202 0.049362
55 0.569522 0.750426 0.036798 0.050638
56 0.627528 0.749787 0.037079 0.048511
57 0.506742 0.824681 0.039888 0.049362
58 0.570787 0.823617 0.038202 0.048936
59 0.627809 0.822128 0.038764 0.048511
60 0.684691 0.820851 0.038483 0.048511
