0 0.205204 0.174902 0.033457 0.053341
1 0.206691 0.251263 0.032714 0.052218
2 0.207621 0.327063 0.033086 0.051095
3 0.208364 0.401460 0.032342 0.049410
4 0.209108 0.474172 0.032342 0.052218
5 0.210967 0.547445 0.033829 0.051656
6 0.211896 0.620438 0.034944 0.050533
7 0.212268 0.693431 0.034944 0.050533
8 0.211896 0.765300 0.035688 0.051656
9 0.212639 0.837170 0.034201 0.051656
10 0.498699 0.170971 0.039033 0.049972
11 0.564498 0.172656 0.039033 0.049972
12 0.681970 0.173498 0.039777 0.049410
13 0.740520 0.174060 0.040892 0.049410
14 0.800743 0.175182 0.040149 0.050533
15 0.497770 0.247333 0.038662 0.051095
16 0.562268 0.249579 0.039033 0.054464
17 0.621747 0.249298 0.039033 0.050533
18 0.680112 0.249017 0.038290 0.048849
19 0.739777 0.249017 0.040892 0.048849
20 0.497026 0.323133 0.039405 0.049972
21 0.619888 0.323414 0.039033 0.049410
22 0.679368 0.323414 0.039033 0.049410
23 0.737361 0.324256 0.039777 0.048849
24 0.495167 0.395284 0.040892 0.048287
25 0.559480 0.396126 0.038662 0.047726
26 0.618587 0.396687 0.038662 0.048849
27 0.677881 0.396687 0.039033 0.047726
28 0.735688 0.397529 0.038662 0.048287
29 0.494238 0.469118 0.039777 0.048849
30 0.559294 0.469399 0.038290 0.048287
31 0.617844 0.470241 0.037918 0.047726
32 0.676580 0.470803 0.037918 0.047726
33 0.734387 0.471084 0.038290 0.048287
34 0.792751 0.471926 0.038290 0.048849
35 0.851673 0.472768 0.039405 0.049410
36 0.494796 0.540146 0.038662 0.049410
37 0.557993 0.541550 0.038662 0.047726
38 0.616729 0.542673 0.039405 0.047726
39 0.675465 0.542953 0.038662 0.047165
40 0.732900 0.544357 0.039033 0.048849
41 0.792937 0.544357 0.039405 0.046603
42 0.494981 0.612577 0.037546 0.051656
43 0.557621 0.614262 0.037918 0.050533
44 0.615799 0.615946 0.037546 0.048287
45 0.674349 0.616508 0.038662 0.048287
46 0.732156 0.617069 0.039777 0.048287
47 0.791636 0.617631 0.039033 0.048287
48 0.494052 0.687816 0.037918 0.048287
49 0.556691 0.688658 0.037546 0.047726
50 0.614870 0.688658 0.037918 0.047726
51 0.672677 0.689220 0.037546 0.047726
52 0.730669 0.689781 0.038290 0.047726
53 0.789033 0.690062 0.039033 0.047165
54 0.494610 0.758282 0.038290 0.046603
55 0.556134 0.759405 0.036431 0.046603
56 0.614312 0.759966 0.039033 0.047726
57 0.492193 0.829590 0.037918 0.049972
58 0.555204 0.830432 0.037546 0.047165
59 0.613197 0.831555 0.037546 0.047165
60 0.670446 0.831555 0.039033 0.047165
