0 0.257627 0.145489 0.029194 0.045644
1 0.255473 0.211991 0.030945 0.048871
2 0.256297 0.279591 0.031382 0.047182
3 0.256561 0.346951 0.029485 0.052124
4 0.255764 0.411698 0.031527 0.048284
5 0.254888 0.480507 0.029776 0.047236
6 0.255473 0.550987 0.030945 0.045973
7 0.254303 0.614449 0.028606 0.050231
8 0.253024 0.685471 0.032109 0.055387
9 0.253288 0.754204 0.030212 0.052409
10 0.519503 0.127493 0.039006 0.043431
11 0.580930 0.125204 0.037012 0.047742
12 0.693270 0.124760 0.035024 0.045076
13 0.749979 0.123680 0.038139 0.044693
14 0.807512 0.120253 0.038055 0.043173
15 0.518776 0.194773 0.036339 0.044658
16 0.581027 0.194142 0.037206 0.043396
17 0.636285 0.191729 0.036206 0.042124
18 0.693955 0.191924 0.037606 0.042516
19 0.750915 0.192044 0.038800 0.039200
20 0.519085 0.261071 0.039382 0.045698
21 0.636973 0.260760 0.038794 0.043298
22 0.693548 0.260280 0.038006 0.045893
23 0.750436 0.258982 0.039055 0.043298
24 0.517864 0.327911 0.039364 0.047822
25 0.579424 0.327284 0.035212 0.046569
26 0.636658 0.327258 0.038164 0.044738
27 0.694048 0.326836 0.036582 0.043893
28 0.751239 0.325422 0.038236 0.042844
29 0.517767 0.397191 0.037958 0.045938
30 0.579936 0.396418 0.038661 0.044391
31 0.637064 0.394511 0.036552 0.044133
32 0.694797 0.396364 0.040503 0.046062
33 0.750485 0.394782 0.036727 0.046453
34 0.808773 0.395644 0.039364 0.042844
35 0.867797 0.393427 0.042261 0.043742
36 0.517967 0.462707 0.038358 0.045413
37 0.579839 0.463244 0.037255 0.046489
38 0.635709 0.461631 0.035055 0.043262
39 0.694136 0.462182 0.039182 0.042587
40 0.750545 0.462707 0.039273 0.045413
41 0.808579 0.461684 0.040188 0.045147
42 0.518127 0.532356 0.038679 0.046044
43 0.581388 0.532831 0.037927 0.045218
44 0.636809 0.532640 0.034830 0.048391
45 0.693555 0.532356 0.038018 0.046044
46 0.751230 0.531267 0.039430 0.047422
47 0.809415 0.532631 0.040648 0.046596
48 0.517245 0.600462 0.038127 0.043591
49 0.579324 0.602373 0.039861 0.049191
50 0.636079 0.600729 0.038218 0.044124
51 0.694067 0.601307 0.039042 0.047058
52 0.750067 0.602596 0.041952 0.042524
53 0.808624 0.601036 0.037855 0.041182
54 0.516994 0.670324 0.037624 0.048204
55 0.580479 0.669480 0.038533 0.044738
56 0.636661 0.668969 0.038170 0.047271
57 0.516948 0.738218 0.039958 0.047102
58 0.579585 0.738218 0.037958 0.047102
59 0.637209 0.736649 0.038055 0.049298
60 0.694215 0.739547 0.040552 0.047982
