0 0.229789 0.144419 0.038745 0.047028
0 0.230464 0.214789 0.032802 0.045803
0 0.231401 0.290683 0.033635 0.049384
0 0.230451 0.365199 0.031734 0.047090
0 0.230659 0.435523 0.030068 0.048892
0 0.231833 0.510694 0.031375 0.046349
0 0.232099 0.585589 0.033990 0.046373
0 0.232549 0.657718 0.028641 0.047106
0 0.232086 0.729442 0.032922 0.045468
0 0.232323 0.804021 0.033396 0.047980
1 0.506448 0.122906 0.042063 0.053924
1 0.570737 0.121993 0.040432 0.052098
1 0.689589 0.119559 0.040635 0.047231
1 0.748964 0.119863 0.040635 0.047839
1 0.809698 0.117960 0.040229 0.050273
2 0.506411 0.198222 0.040948 0.050109
2 0.571807 0.196814 0.039448 0.045733
2 0.631826 0.196447 0.038651 0.048120
2 0.689927 0.196447 0.037146 0.048120
2 0.750206 0.194571 0.041036 0.049048
3 0.506227 0.272387 0.040578 0.048674
3 0.630271 0.269817 0.037625 0.049774
3 0.690339 0.271794 0.039010 0.050608
3 0.750091 0.266412 0.035599 0.044524
4 0.505854 0.345706 0.037750 0.047106
4 0.571633 0.342859 0.041182 0.047652
4 0.630107 0.345265 0.039380 0.047785
4 0.690432 0.341599 0.039198 0.049813
4 0.749737 0.342114 0.040099 0.046162
5 0.505122 0.417929 0.036286 0.048027
5 0.571706 0.420023 0.035078 0.045975
5 0.631174 0.419134 0.039432 0.048877
5 0.690138 0.416958 0.036526 0.044524
5 0.749917 0.416474 0.037333 0.043557
5 0.810943 0.413908 0.039594 0.047785
5 0.869185 0.412282 0.036286 0.046092
6 0.507148 0.489587 0.044505 0.050936
6 0.572792 0.489208 0.038292 0.042379
6 0.630174 0.491689 0.038474 0.047340
6 0.689685 0.490164 0.035620 0.044290
6 0.749383 0.488721 0.039391 0.047644
6 0.810169 0.487367 0.041172 0.046498
7 0.507013 0.565456 0.043193 0.046669
7 0.571323 0.565811 0.039521 0.052059
7 0.630107 0.564957 0.040422 0.047231
7 0.688854 0.564411 0.042292 0.050819
7 0.749927 0.561767 0.038396 0.043970
7 0.810727 0.563565 0.041245 0.047566
8 0.506044 0.639321 0.042297 0.046193
8 0.570102 0.636973 0.043328 0.047738
8 0.630750 0.639095 0.041708 0.047301
8 0.690872 0.637637 0.041120 0.049064
8 0.748109 0.636911 0.036844 0.049173
8 0.809154 0.634988 0.038099 0.043768
9 0.507049 0.712871 0.040141 0.051326
9 0.569320 0.715203 0.040724 0.041950
9 0.630299 0.712555 0.038724 0.047574
10 0.507133 0.788214 0.040307 0.050686
10 0.572156 0.787012 0.040146 0.049844
10 0.630727 0.784610 0.037495 0.048159
10 0.689503 0.783233 0.039422 0.050086
