0 0.248925 0.125454 0.034767 0.048060
0 0.249043 0.198069 0.035003 0.049164
0 0.249235 0.271984 0.033024 0.047527
0 0.249716 0.345040 0.033987 0.047731
0 0.249867 0.417242 0.034288 0.048007
0 0.249185 0.491081 0.034105 0.047998
0 0.249025 0.564137 0.032605 0.049982
0 0.249507 0.637798 0.033568 0.049617
0 0.248895 0.710431 0.034708 0.048977
0 0.248878 0.784048 0.032310 0.046744
1 0.525162 0.105018 0.039102 0.049893
1 0.589985 0.104564 0.038801 0.048986
1 0.707428 0.103452 0.039781 0.048541
1 0.766418 0.101713 0.039628 0.046842
1 0.827070 0.100285 0.039256 0.049324
2 0.525219 0.177967 0.039214 0.049884
2 0.589696 0.178545 0.039403 0.051041
2 0.648839 0.177593 0.038376 0.047358
2 0.708110 0.178029 0.041146 0.048230
2 0.766627 0.176637 0.040047 0.049004
3 0.525582 0.251824 0.038760 0.049911
3 0.648751 0.252625 0.040561 0.051512
3 0.706834 0.251303 0.038594 0.050649
3 0.767165 0.249128 0.038760 0.051637
4 0.524111 0.324537 0.039362 0.049431
4 0.589495 0.324324 0.037820 0.047224
4 0.648376 0.321868 0.038630 0.049431
4 0.707425 0.323069 0.037413 0.046495
4 0.766347 0.322242 0.038305 0.046619
5 0.523311 0.396459 0.036580 0.049146
5 0.588698 0.397246 0.038588 0.050721
5 0.648018 0.395636 0.037915 0.045721
5 0.707197 0.395004 0.036958 0.046237
5 0.765588 0.395765 0.037968 0.047758
5 0.825582 0.395129 0.038641 0.048265
5 0.884592 0.395129 0.039711 0.048265
6 0.523479 0.469088 0.038098 0.046717
6 0.588547 0.468541 0.039468 0.047402
6 0.647067 0.469097 0.038376 0.050294
6 0.707360 0.469093 0.038464 0.048505
6 0.765839 0.468541 0.039652 0.047402
6 0.825405 0.467175 0.039468 0.048230
7 0.524008 0.543794 0.039155 0.048443
7 0.588142 0.543999 0.038659 0.048852
7 0.647980 0.542998 0.039019 0.046851
7 0.706149 0.543118 0.039587 0.047091
7 0.765685 0.541980 0.039344 0.048372
7 0.824696 0.542198 0.038051 0.047028
8 0.523754 0.615267 0.039829 0.047260
8 0.589061 0.615520 0.040496 0.047767
8 0.646988 0.615507 0.040579 0.049520
8 0.706146 0.613928 0.039581 0.048141
8 0.764197 0.613928 0.039911 0.048141
8 0.824445 0.613665 0.039911 0.049395
9 0.523157 0.688212 0.038636 0.049021
9 0.587525 0.688803 0.037425 0.051984
9 0.646781 0.686375 0.037803 0.048906
10 0.522546 0.762407 0.038594 0.047945
10 0.587915 0.761993 0.039386 0.048897
10 0.646506 0.761397 0.039616 0.049484
10 0.705508 0.761539 0.038305 0.049769
