0 0.234141 0.140385 0.034471 0.057642
0 0.235324 0.218613 0.032584 0.050345
0 0.233764 0.287085 0.033716 0.059350
0 0.234827 0.363428 0.033716 0.052614
0 0.234450 0.436552 0.032961 0.049110
0 0.235574 0.510509 0.033083 0.051957
0 0.235548 0.584383 0.035157 0.051764
0 0.236326 0.658063 0.033525 0.051957
0 0.235266 0.730325 0.034593 0.054988
0 0.234827 0.801740 0.034779 0.056504
1 0.515938 0.123144 0.035598 0.047217
1 0.578953 0.121295 0.035098 0.050914
1 0.698365 0.119274 0.040005 0.048540
1 0.757504 0.118845 0.038134 0.051002
1 0.816451 0.117482 0.039070 0.048917
2 0.514692 0.193536 0.042674 0.049174
2 0.577982 0.193448 0.038474 0.047747
2 0.637943 0.194086 0.037182 0.046472
2 0.697230 0.194086 0.036672 0.046472
2 0.756287 0.191921 0.038889 0.045990
3 0.514386 0.269266 0.037810 0.050080
3 0.636943 0.266897 0.041563 0.051612
3 0.695088 0.266095 0.037703 0.054820
3 0.756917 0.267658 0.040149 0.046881
4 0.512477 0.339996 0.037182 0.046552
4 0.579176 0.339671 0.038735 0.050409
4 0.636797 0.340357 0.037018 0.049038
4 0.695843 0.339715 0.038150 0.050321
4 0.756449 0.338861 0.037087 0.045613
5 0.512964 0.413962 0.039219 0.047779
5 0.578495 0.414383 0.039500 0.050144
5 0.636393 0.413436 0.039399 0.048829
5 0.697400 0.411383 0.040202 0.051331
5 0.755880 0.411909 0.039139 0.050281
5 0.815726 0.411119 0.038682 0.051860
5 0.876560 0.412029 0.039139 0.048436
6 0.512461 0.486135 0.041404 0.049383
6 0.576986 0.487285 0.036481 0.047081
6 0.637411 0.487121 0.039309 0.047410
6 0.694766 0.486792 0.035997 0.048067
6 0.756582 0.486624 0.039479 0.048404
6 0.816377 0.485204 0.037858 0.049639
7 0.512876 0.560377 0.037980 0.051660
7 0.577156 0.558913 0.038947 0.051379
7 0.637523 0.560814 0.038469 0.049182
7 0.696085 0.559294 0.039697 0.049014
7 0.755162 0.560650 0.037703 0.049511
7 0.815734 0.559667 0.038698 0.048268
8 0.511023 0.634876 0.037464 0.051820
8 0.577658 0.634250 0.041015 0.049864
8 0.637384 0.633424 0.039256 0.051516
8 0.695526 0.633160 0.039644 0.048837
8 0.755532 0.634042 0.039506 0.050281
8 0.814192 0.633909 0.039867 0.048941
9 0.511746 0.707919 0.039973 0.051684
9 0.577007 0.708268 0.037586 0.050986
9 0.635476 0.708236 0.039692 0.047843
10 0.509415 0.781123 0.036374 0.054435
10 0.577344 0.780521 0.041451 0.050826
10 0.635787 0.780722 0.040314 0.052029
10 0.696260 0.780120 0.041111 0.048420
