0 0.215706 0.195038 0.035388 0.049625
0 0.216302 0.339585 0.034195 0.047894
0 0.214911 0.485574 0.034592 0.047894
0 0.214513 0.555684 0.034592 0.048471
0 0.212326 0.628102 0.035785 0.049048
0 0.212127 0.701096 0.035388 0.049625
0 0.212326 0.773226 0.034990 0.049625
0 0.211730 0.845066 0.034592 0.050202
1 0.508549 0.188979 0.039761 0.049048
1 0.573757 0.188979 0.040557 0.050202
1 0.692644 0.188979 0.039761 0.049048
1 0.751690 0.188690 0.040159 0.048471
1 0.811928 0.188979 0.039761 0.047894
2 0.506759 0.261396 0.038569 0.048471
2 0.572565 0.261396 0.039761 0.048471
2 0.633002 0.261396 0.039761 0.048471
2 0.692445 0.261396 0.039364 0.048471
2 0.750696 0.261396 0.039761 0.048471
3 0.507157 0.332372 0.039364 0.048471
3 0.632207 0.333237 0.038966 0.047894
3 0.691451 0.333237 0.038966 0.047894
3 0.750696 0.333237 0.039761 0.047894
4 0.506163 0.403635 0.039761 0.047894
4 0.571769 0.404789 0.039761 0.050202
4 0.632008 0.405078 0.039364 0.049625
4 0.691252 0.404789 0.038569 0.049048
4 0.749702 0.404789 0.040159 0.049048
5 0.505169 0.476342 0.040954 0.047894
5 0.570577 0.476630 0.039761 0.048471
5 0.630219 0.476630 0.038171 0.047317
5 0.690060 0.476342 0.039364 0.047894
5 0.749702 0.476919 0.038569 0.049048
5 0.809940 0.477207 0.038966 0.049625
5 0.869583 0.475765 0.038966 0.049048
6 0.504970 0.546163 0.041352 0.049048
6 0.570775 0.546740 0.040159 0.049048
6 0.630417 0.547894 0.038569 0.047894
6 0.689463 0.548471 0.039761 0.047894
6 0.749304 0.547317 0.039364 0.049048
6 0.810338 0.547605 0.040557 0.049625
7 0.504175 0.620312 0.041352 0.049625
7 0.569980 0.619446 0.040159 0.049048
7 0.630219 0.620600 0.038171 0.049048
7 0.689463 0.620600 0.039761 0.049048
7 0.748509 0.621466 0.039364 0.048471
7 0.809145 0.621754 0.039761 0.047894
8 0.504175 0.692152 0.038966 0.047894
8 0.569384 0.692441 0.039761 0.049625
8 0.629821 0.692729 0.038966 0.049048
8 0.689264 0.693018 0.040159 0.048471
8 0.748111 0.693883 0.038569 0.047894
8 0.808748 0.694172 0.039761 0.047317
9 0.503579 0.764859 0.040159 0.049048
9 0.569384 0.765147 0.038966 0.049625
9 0.629622 0.765147 0.040159 0.047317
10 0.503380 0.836699 0.039761 0.049625
10 0.569185 0.836699 0.040159 0.049625
10 0.629026 0.836988 0.038171 0.050202
10 0.688270 0.837276 0.038966 0.048471
