0 0.232406 0.215799 0.036183 0.046938
0 0.234592 0.289353 0.034195 0.049800
0 0.234990 0.364625 0.034195 0.049227
0 0.235586 0.436463 0.033002 0.046365
0 0.236779 0.505152 0.033797 0.049800
0 0.237376 0.576417 0.033400 0.049227
0 0.238171 0.645965 0.032604 0.048655
0 0.238569 0.715512 0.033400 0.050372
0 0.239165 0.783343 0.033797 0.048655
0 0.239761 0.851173 0.033400 0.046938
1 0.529026 0.210361 0.040954 0.048655
1 0.594831 0.210647 0.040557 0.048082
1 0.714513 0.213223 0.040557 0.048655
1 0.773360 0.213509 0.041352 0.049227
1 0.833201 0.214654 0.040954 0.048082
2 0.529225 0.284774 0.039761 0.048655
2 0.595030 0.284774 0.040954 0.048655
2 0.654274 0.285919 0.038569 0.047510
2 0.712525 0.286777 0.039761 0.048082
2 0.771769 0.287064 0.040557 0.048655
3 0.527435 0.356039 0.040159 0.048082
3 0.651690 0.357756 0.039761 0.045793
3 0.710736 0.357470 0.039364 0.047510
3 0.768986 0.358615 0.041352 0.046365
4 0.526839 0.425587 0.041352 0.048655
4 0.592445 0.427018 0.039761 0.046938
4 0.650696 0.427304 0.038569 0.046365
4 0.709145 0.427876 0.039364 0.046365
4 0.767197 0.429021 0.040954 0.047510
5 0.527237 0.496279 0.039761 0.046938
5 0.591252 0.496852 0.039761 0.048082
5 0.649304 0.497138 0.037376 0.048655
5 0.707753 0.497424 0.040557 0.048082
5 0.766004 0.497424 0.038569 0.045793
5 0.824254 0.497710 0.038966 0.048655
5 0.882505 0.498855 0.039364 0.046365
6 0.525646 0.565541 0.039761 0.045793
6 0.590060 0.564969 0.039761 0.048082
6 0.648509 0.566400 0.038171 0.046365
6 0.706362 0.566686 0.040159 0.046938
6 0.762425 0.566972 0.038569 0.046365
6 0.821272 0.567544 0.040159 0.045220
7 0.525050 0.634803 0.038569 0.046938
7 0.587873 0.633944 0.038569 0.047510
7 0.647316 0.635375 0.037376 0.050372
7 0.704374 0.636520 0.039364 0.046938
7 0.761233 0.637092 0.038569 0.044648
7 0.820477 0.637378 0.040954 0.045220
8 0.524851 0.703205 0.038171 0.044076
8 0.587276 0.702633 0.038171 0.045220
8 0.645924 0.703492 0.037773 0.044648
8 0.702783 0.705209 0.039364 0.048082
8 0.759841 0.706640 0.038171 0.046365
8 0.818091 0.706068 0.039364 0.045220
9 0.523658 0.767602 0.038966 0.046938
9 0.585885 0.769033 0.038569 0.045220
9 0.644533 0.769891 0.037376 0.045793
10 0.524056 0.835718 0.037376 0.046938
10 0.586083 0.835718 0.038171 0.045793
10 0.643738 0.836863 0.037376 0.044648
10 0.700596 0.838008 0.038171 0.044648
