0 0.200416 0.205786 0.033623 0.048035
0 0.200982 0.278111 0.034756 0.050764
0 0.202493 0.350164 0.034756 0.047489
0 0.203060 0.419760 0.033623 0.048035
0 0.203627 0.490721 0.034001 0.048035
0 0.204382 0.560044 0.034001 0.046943
0 0.204571 0.630186 0.034379 0.047489
0 0.205516 0.699509 0.034001 0.048581
0 0.205893 0.770197 0.034756 0.049127
0 0.206649 0.840066 0.034001 0.046943
1 0.484322 0.188592 0.038534 0.048581
1 0.550057 0.186408 0.039290 0.048581
1 0.670570 0.182314 0.041556 0.051310
1 0.731394 0.179858 0.042312 0.049672
1 0.793351 0.177948 0.042312 0.050218
2 0.484700 0.262282 0.040045 0.048581
2 0.549868 0.260644 0.038912 0.047489
2 0.609936 0.258188 0.040423 0.048035
2 0.670382 0.256004 0.040423 0.046943
2 0.730638 0.253002 0.041556 0.049672
3 0.485266 0.333515 0.040423 0.049127
3 0.610125 0.331059 0.040801 0.048581
3 0.671137 0.329148 0.041179 0.049127
3 0.731772 0.327238 0.040801 0.048581
4 0.486777 0.403930 0.038912 0.049127
4 0.550623 0.402566 0.038912 0.047489
4 0.610502 0.401747 0.040801 0.046943
4 0.670948 0.400382 0.039290 0.047489
4 0.731772 0.399563 0.040045 0.046943
5 0.487155 0.474891 0.037401 0.048035
5 0.551379 0.474072 0.038156 0.047489
5 0.610314 0.473526 0.040423 0.047489
5 0.671326 0.472707 0.038534 0.046943
5 0.731961 0.471889 0.039668 0.047489
5 0.793729 0.471070 0.040045 0.049127
5 0.856441 0.470524 0.041556 0.050218
6 0.485629 0.544765 0.038882 0.042566
6 0.551757 0.545306 0.038156 0.050218
6 0.611636 0.545033 0.038534 0.049672
6 0.671515 0.545306 0.040423 0.050218
6 0.731961 0.545033 0.039668 0.048581
6 0.794484 0.543668 0.039290 0.048035
7 0.486777 0.618450 0.038912 0.049127
7 0.552134 0.618177 0.038156 0.046397
7 0.612202 0.617085 0.039668 0.047489
7 0.672270 0.617085 0.040423 0.047489
7 0.732716 0.616539 0.040423 0.048581
7 0.795429 0.616539 0.041179 0.049672
8 0.488100 0.690502 0.039290 0.049127
8 0.552890 0.689683 0.038912 0.046397
8 0.612391 0.689956 0.039290 0.048035
8 0.672648 0.689683 0.039668 0.047489
8 0.733094 0.690229 0.039668 0.047489
8 0.794673 0.690229 0.041179 0.047489
9 0.487911 0.760644 0.039668 0.047489
9 0.552890 0.760644 0.038156 0.046397
9 0.612580 0.761190 0.039668 0.047489
10 0.488666 0.831332 0.038156 0.049127
10 0.553457 0.831605 0.038534 0.047489
10 0.613336 0.833242 0.037401 0.047489
10 0.673782 0.834334 0.040423 0.048581
