0 0.256320 0.157936 0.036063 0.050812
0 0.254129 0.227868 0.035052 0.053431
0 0.250927 0.300943 0.034715 0.049764
0 0.249410 0.371661 0.033030 0.051860
0 0.247388 0.443688 0.033030 0.053431
0 0.245703 0.517548 0.033030 0.051336
0 0.243343 0.591671 0.032356 0.053955
0 0.240310 0.668413 0.032356 0.053431
0 0.237782 0.743583 0.035389 0.053955
0 0.236940 0.822420 0.034378 0.055526
1 0.532524 0.163436 0.037074 0.049240
1 0.594034 0.164484 0.037412 0.048193
1 0.704247 0.168413 0.036737 0.046621
1 0.758510 0.170246 0.036737 0.046097
1 0.814291 0.172080 0.037749 0.045574
2 0.532019 0.232321 0.038760 0.047669
2 0.593360 0.234416 0.036737 0.046621
2 0.649983 0.235464 0.037412 0.045574
2 0.704921 0.237297 0.036737 0.045050
2 0.759690 0.239130 0.037749 0.045574
3 0.531345 0.302514 0.038760 0.046621
3 0.649478 0.305657 0.037749 0.046621
3 0.704752 0.307229 0.036400 0.046621
3 0.759858 0.308277 0.038760 0.046621
4 0.530334 0.371922 0.038760 0.048193
4 0.592686 0.373756 0.036737 0.046621
4 0.649815 0.375065 0.037074 0.047145
4 0.705763 0.375851 0.036400 0.046621
4 0.761881 0.376375 0.038760 0.046621
5 0.530839 0.443688 0.038423 0.047145
5 0.592518 0.444997 0.037749 0.047669
5 0.649983 0.445783 0.036063 0.047145
5 0.706100 0.447093 0.036400 0.046621
5 0.762723 0.447878 0.037749 0.048193
5 0.819009 0.449450 0.037749 0.048193
5 0.875632 0.449974 0.037074 0.048193
6 0.530165 0.514929 0.040445 0.047145
6 0.592855 0.515977 0.037749 0.048193
6 0.650994 0.517287 0.038760 0.046621
6 0.706269 0.518596 0.038086 0.048193
6 0.763566 0.519120 0.039434 0.048193
6 0.820694 0.519120 0.039097 0.047145
7 0.530671 0.588266 0.039434 0.049240
7 0.593192 0.588790 0.037074 0.052383
7 0.651837 0.590100 0.037749 0.055003
7 0.709808 0.589838 0.041793 0.052383
7 0.765420 0.591409 0.037749 0.049240
7 0.823559 0.592457 0.038760 0.049240
8 0.530671 0.662913 0.038760 0.048717
8 0.593529 0.663698 0.037749 0.050288
8 0.652005 0.664746 0.037412 0.049240
8 0.709808 0.665532 0.040445 0.048717
8 0.766768 0.665270 0.037749 0.048193
8 0.824402 0.667103 0.038423 0.048717
9 0.529491 0.736773 0.038423 0.049764
9 0.592518 0.737559 0.037074 0.049240
9 0.652174 0.738607 0.039097 0.049240
10 0.530165 0.811420 0.037074 0.050288
10 0.593360 0.811943 0.038086 0.049240
10 0.652848 0.812991 0.037749 0.050288
10 0.711156 0.814301 0.038423 0.050812
