0 0.223086 0.165804 0.034321 0.053903
0 0.222793 0.241915 0.034321 0.052609
0 0.223086 0.314360 0.034321 0.052609
0 0.223233 0.389608 0.034614 0.053040
0 0.224113 0.463777 0.034028 0.054765
0 0.223966 0.536654 0.034908 0.052178
0 0.224553 0.610608 0.033734 0.051746
0 0.224993 0.683915 0.034614 0.054334
0 0.225726 0.756361 0.035494 0.050884
0 0.226019 0.831177 0.034321 0.053040
1 0.518921 0.161061 0.040481 0.051315
1 0.584336 0.161492 0.038721 0.052178
1 0.700499 0.162570 0.039308 0.050022
1 0.758287 0.161708 0.038721 0.049159
1 0.816808 0.162570 0.039014 0.049159
2 0.518627 0.234584 0.039894 0.050022
2 0.583749 0.234799 0.039308 0.048728
2 0.642270 0.234584 0.039014 0.047434
2 0.699765 0.235015 0.040188 0.047434
2 0.758287 0.234799 0.039308 0.046141
3 0.519361 0.307245 0.039014 0.047003
3 0.642417 0.307245 0.038134 0.047865
3 0.699912 0.307029 0.039308 0.047434
3 0.758287 0.307245 0.039308 0.046141
4 0.518921 0.378611 0.039894 0.047434
4 0.583016 0.378396 0.039014 0.047003
4 0.641830 0.377965 0.038721 0.047003
4 0.700059 0.377749 0.037841 0.047434
4 0.758580 0.377102 0.038134 0.046141
5 0.518040 0.449763 0.041654 0.049159
5 0.583602 0.449116 0.038428 0.048728
5 0.641537 0.449332 0.038721 0.047434
5 0.699765 0.449116 0.037254 0.047865
5 0.757994 0.448685 0.038721 0.047003
5 0.815635 0.448469 0.038428 0.048297
5 0.872837 0.448685 0.039014 0.047865
6 0.519361 0.519405 0.037841 0.047865
6 0.583162 0.519189 0.038721 0.048297
6 0.641537 0.519836 0.038134 0.048728
6 0.700059 0.519405 0.039014 0.048728
6 0.757114 0.519405 0.036374 0.046141
6 0.816368 0.519189 0.039308 0.047434
7 0.519654 0.593144 0.039014 0.047865
7 0.584042 0.593575 0.038721 0.048728
7 0.642270 0.592066 0.039014 0.048297
7 0.700499 0.591634 0.037548 0.049159
7 0.757994 0.591203 0.038134 0.047434
7 0.816222 0.589909 0.038428 0.049159
8 0.520094 0.666451 0.037548 0.047865
8 0.584189 0.665373 0.038428 0.048297
8 0.642710 0.664295 0.038134 0.047003
8 0.699912 0.663864 0.037548 0.046141
8 0.756967 0.662139 0.037254 0.046141
8 0.815342 0.662354 0.037254 0.046572
9 0.519654 0.737818 0.038428 0.047434
9 0.583309 0.736093 0.037841 0.045709
9 0.643297 0.735446 0.038134 0.047003
10 0.518627 0.808754 0.039894 0.046141
10 0.583896 0.807029 0.039014 0.046141
10 0.642564 0.805951 0.037841 0.046572
10 0.700352 0.804226 0.038428 0.046572
