0 0.208211 0.221174 0.033505 0.050314
0 0.208027 0.291143 0.031664 0.048742
0 0.208395 0.359277 0.032401 0.047694
0 0.209131 0.427411 0.032401 0.048742
0 0.208947 0.495021 0.032032 0.049790
0 0.209315 0.563941 0.032769 0.048218
0 0.209315 0.633124 0.032032 0.049266
0 0.209131 0.703517 0.033137 0.047893
0 0.208947 0.771158 0.033505 0.046782
0 0.209867 0.842767 0.032401 0.050314
1 0.488770 0.196803 0.039396 0.047694
1 0.553940 0.192348 0.040869 0.048218
1 0.674521 0.185535 0.041237 0.050314
1 0.734536 0.180556 0.041973 0.049790
1 0.797680 0.177149 0.043814 0.049266
2 0.489866 0.266384 0.043060 0.042704
2 0.555044 0.264937 0.040133 0.047694
2 0.614691 0.261006 0.040133 0.048218
2 0.675258 0.257075 0.039764 0.047694
2 0.736193 0.252883 0.041605 0.047694
3 0.490979 0.338312 0.040133 0.047694
3 0.615427 0.332023 0.040869 0.048742
3 0.675994 0.328092 0.040501 0.048218
3 0.736745 0.325210 0.041973 0.048742
4 0.490979 0.406971 0.039396 0.048742
4 0.555781 0.404088 0.039396 0.047170
4 0.617084 0.401468 0.042710 0.047170
4 0.676261 0.396452 0.041035 0.054057
4 0.737666 0.395702 0.040869 0.048218
5 0.490795 0.477725 0.040501 0.049790
5 0.556517 0.474581 0.039396 0.047694
5 0.617636 0.472222 0.041605 0.047170
5 0.678019 0.469602 0.039396 0.048218
5 0.738770 0.467243 0.040869 0.047694
5 0.801362 0.464623 0.041605 0.048742
5 0.865795 0.462264 0.043814 0.049266
6 0.492452 0.546384 0.039396 0.045597
6 0.557437 0.543501 0.039764 0.048218
6 0.617268 0.541929 0.040133 0.049266
6 0.678571 0.540881 0.041237 0.047170
6 0.739323 0.538784 0.042710 0.047170
6 0.803756 0.536688 0.044919 0.049266
7 0.493373 0.617138 0.040501 0.046646
7 0.558174 0.617138 0.039028 0.048742
7 0.618373 0.612945 0.040133 0.049790
7 0.679860 0.611635 0.039396 0.052411
7 0.741532 0.610849 0.039764 0.049790
7 0.805228 0.610325 0.042710 0.048742
8 0.494293 0.688679 0.039396 0.047170
8 0.558910 0.687893 0.039028 0.046646
8 0.619661 0.686845 0.039764 0.047694
8 0.680781 0.688155 0.040501 0.053459
8 0.741716 0.685797 0.040133 0.050839
8 0.806333 0.683962 0.038292 0.053459
9 0.495029 0.758124 0.040133 0.045597
9 0.559278 0.757862 0.039028 0.047170
9 0.620214 0.757075 0.040869 0.046646
10 0.494661 0.828354 0.039396 0.048742
10 0.559831 0.828354 0.040133 0.047694
10 0.620950 0.828878 0.040133 0.048742
10 0.682437 0.828616 0.040869 0.050314
