0 0.227881 0.191292 0.033457 0.047753
0 0.229182 0.265449 0.035316 0.053371
0 0.229368 0.341011 0.034201 0.052809
0 0.230483 0.415169 0.034201 0.048315
0 0.230669 0.486798 0.033829 0.053371
0 0.230483 0.560112 0.034944 0.049438
0 0.231413 0.633989 0.033829 0.051124
0 0.231784 0.707022 0.033829 0.052247
0 0.232156 0.781180 0.033829 0.051124
0 0.232900 0.856180 0.034572 0.049438
1 0.514684 0.183708 0.040520 0.050562
1 0.578253 0.182022 0.037546 0.050562
1 0.692565 0.181742 0.037175 0.050000
1 0.749071 0.182022 0.037918 0.049438
1 0.806320 0.181742 0.037918 0.050000
2 0.515799 0.257022 0.039777 0.050000
2 0.578625 0.256742 0.037546 0.049438
2 0.636803 0.256742 0.038662 0.048315
2 0.692751 0.256180 0.037546 0.049438
2 0.749071 0.256180 0.037918 0.049438
3 0.514870 0.328652 0.041636 0.048315
3 0.636245 0.328652 0.039033 0.048315
3 0.692565 0.327247 0.037918 0.047753
3 0.749442 0.326966 0.038662 0.048315
4 0.515613 0.400281 0.040892 0.047753
4 0.578810 0.400281 0.037918 0.048876
4 0.636431 0.399438 0.038662 0.048315
4 0.692379 0.398596 0.036803 0.046629
4 0.749628 0.397472 0.039033 0.047753
5 0.515056 0.472472 0.041264 0.048315
5 0.579182 0.471910 0.037175 0.047191
5 0.636617 0.471629 0.038290 0.046629
5 0.692937 0.470506 0.036431 0.046629
5 0.750000 0.469101 0.038290 0.047191
5 0.806877 0.468258 0.038290 0.046629
5 0.863383 0.468258 0.038290 0.046629
6 0.515799 0.543820 0.040520 0.049438
6 0.579740 0.541573 0.037546 0.049438
6 0.637361 0.542135 0.038290 0.048315
6 0.693309 0.541292 0.035688 0.051124
6 0.749628 0.540730 0.039033 0.050000
6 0.807435 0.541854 0.040149 0.051124
7 0.517100 0.617416 0.040149 0.048315
7 0.579740 0.617978 0.037546 0.050562
7 0.637175 0.615169 0.037918 0.049438
7 0.693123 0.615169 0.034572 0.049438
7 0.750372 0.614326 0.039033 0.047753
7 0.808178 0.613202 0.037918 0.046629
8 0.516357 0.689326 0.040892 0.048315
8 0.580297 0.689045 0.039405 0.050000
8 0.638290 0.686517 0.037918 0.048315
8 0.694238 0.687360 0.037546 0.048876
8 0.750743 0.685955 0.036803 0.048315
8 0.807993 0.685393 0.037546 0.048315
9 0.517286 0.760674 0.038290 0.047191
9 0.580297 0.758989 0.037918 0.048315
9 0.638662 0.757584 0.039405 0.047753
10 0.518030 0.832303 0.039033 0.050000
10 0.581041 0.830056 0.038662 0.048876
10 0.639033 0.828933 0.037918 0.050000
10 0.695725 0.827809 0.038290 0.048876
