0 0.222816 0.192614 0.033575 0.050000
0 0.221480 0.266761 0.033193 0.048295
0 0.221671 0.338636 0.032049 0.048864
0 0.219763 0.411364 0.032812 0.047727
0 0.219191 0.482670 0.032430 0.050568
0 0.218237 0.554830 0.034338 0.050568
0 0.216330 0.628693 0.033575 0.049432
0 0.215757 0.701989 0.033957 0.055114
0 0.214231 0.775284 0.033193 0.048295
0 0.213850 0.853977 0.033957 0.047727
1 0.505341 0.191193 0.040824 0.047159
1 0.569058 0.191477 0.039298 0.046591
1 0.683327 0.193750 0.039680 0.047727
1 0.739412 0.194034 0.038153 0.047159
1 0.797406 0.194602 0.039680 0.047159
2 0.506486 0.262784 0.040061 0.048295
2 0.569630 0.263068 0.038916 0.046591
2 0.626478 0.263920 0.037390 0.047159
2 0.684090 0.264489 0.038916 0.046023
2 0.740748 0.265057 0.040061 0.047159
3 0.505532 0.331818 0.041206 0.047727
3 0.626860 0.333239 0.038916 0.046023
3 0.684281 0.333807 0.038535 0.047159
3 0.741129 0.334943 0.039298 0.046023
4 0.505723 0.401989 0.040061 0.048295
4 0.569821 0.403693 0.038535 0.047159
4 0.627051 0.403409 0.037772 0.047727
4 0.684281 0.404261 0.038535 0.047159
4 0.741702 0.404261 0.038916 0.046023
5 0.506295 0.473580 0.038916 0.047159
5 0.570393 0.474432 0.039680 0.046591
5 0.628005 0.474148 0.036627 0.046023
5 0.685425 0.473295 0.038535 0.046591
5 0.743609 0.473580 0.037390 0.046023
5 0.801221 0.473864 0.038153 0.046591
5 0.859023 0.475000 0.038535 0.044318
6 0.505341 0.544602 0.040061 0.050568
6 0.569821 0.545170 0.040061 0.051705
6 0.628005 0.545739 0.038916 0.049432
6 0.685998 0.545455 0.039680 0.051136
6 0.743991 0.546307 0.038153 0.050568
6 0.802747 0.546875 0.038916 0.049432
7 0.506295 0.618182 0.039680 0.048864
7 0.570393 0.618466 0.039680 0.048295
7 0.628577 0.618750 0.038535 0.047727
7 0.686952 0.618466 0.038535 0.048295
7 0.744754 0.618750 0.038916 0.047727
7 0.803701 0.619318 0.040061 0.047727
8 0.506105 0.690341 0.040061 0.050000
8 0.570965 0.690625 0.039298 0.048295
8 0.629340 0.690909 0.038535 0.047727
8 0.687524 0.690341 0.038916 0.047727
8 0.745708 0.690057 0.040061 0.046023
8 0.804464 0.690625 0.040061 0.046023
9 0.506105 0.761932 0.039298 0.047727
9 0.570775 0.762784 0.038916 0.048295
9 0.630103 0.763068 0.038535 0.048864
10 0.505914 0.834091 0.040443 0.052273
10 0.571919 0.834659 0.039680 0.050000
10 0.631057 0.835511 0.038916 0.049432
10 0.689432 0.836080 0.039680 0.049432
