0 0.230421 0.189083 0.034238 0.043894
0 0.229634 0.256612 0.035026 0.049522
0 0.228650 0.327237 0.033845 0.048959
0 0.227863 0.397299 0.033845 0.048396
0 0.227863 0.466798 0.034632 0.050084
0 0.226486 0.536297 0.034238 0.048396
0 0.225895 0.605796 0.034632 0.051210
0 0.224911 0.675577 0.034238 0.048959
0 0.223534 0.744232 0.035419 0.047833
0 0.223140 0.813168 0.034632 0.048396
1 0.517316 0.189364 0.040535 0.046708
1 0.582251 0.191615 0.039748 0.047833
1 0.697954 0.196117 0.039748 0.047833
1 0.755805 0.198087 0.039748 0.048396
1 0.814640 0.200056 0.040929 0.047833
2 0.517513 0.260551 0.040142 0.048396
2 0.580677 0.262240 0.038961 0.047271
2 0.639906 0.265335 0.040929 0.046708
2 0.696773 0.266460 0.038961 0.045582
2 0.754231 0.268430 0.040535 0.047271
3 0.515742 0.330051 0.039748 0.046708
3 0.637741 0.334271 0.038961 0.046145
3 0.695592 0.336241 0.038174 0.045582
3 0.753247 0.338773 0.039355 0.046145
4 0.515348 0.398706 0.038961 0.045582
4 0.578119 0.401519 0.037780 0.046708
4 0.636364 0.403208 0.038567 0.046708
4 0.693428 0.404896 0.037780 0.045582
4 0.751869 0.407428 0.040535 0.045020
5 0.514364 0.468205 0.038567 0.046145
5 0.577332 0.470456 0.037780 0.045020
5 0.635183 0.471863 0.038567 0.045582
5 0.692641 0.473551 0.037780 0.045582
5 0.750295 0.475239 0.038961 0.045582
5 0.808737 0.477209 0.039355 0.047271
5 0.866982 0.479460 0.040142 0.046145
6 0.512593 0.536860 0.038961 0.045020
6 0.575954 0.538829 0.038961 0.046708
6 0.634396 0.539955 0.040142 0.046708
6 0.691460 0.543050 0.037780 0.046145
6 0.748327 0.543894 0.039748 0.048959
6 0.806966 0.545301 0.039748 0.047271
7 0.510823 0.606359 0.041716 0.045582
7 0.574970 0.608610 0.038567 0.045582
7 0.632822 0.609454 0.039355 0.046145
7 0.690083 0.610861 0.038174 0.046708
7 0.747540 0.613956 0.039748 0.047271
7 0.805785 0.615082 0.039748 0.045020
8 0.509839 0.674170 0.040535 0.047271
8 0.574380 0.676140 0.038174 0.045582
8 0.631444 0.677546 0.038961 0.046145
8 0.688902 0.680360 0.037387 0.046145
8 0.746163 0.683737 0.039355 0.049522
8 0.804604 0.684581 0.039748 0.046708
9 0.509052 0.741981 0.039748 0.045582
9 0.572806 0.743388 0.038961 0.047271
9 0.630854 0.744795 0.038567 0.046708
10 0.508658 0.809792 0.038961 0.048396
10 0.572216 0.811480 0.040142 0.045020
10 0.629673 0.812887 0.038567 0.046708
10 0.687131 0.815138 0.039355 0.046708
