0 0.242506 0.190717 0.038397 0.052429
0 0.243516 0.267677 0.035702 0.051467
0 0.243011 0.341270 0.036039 0.049543
0 0.243348 0.414863 0.036039 0.047619
0 0.242169 0.487253 0.037723 0.050024
0 0.242337 0.560366 0.037386 0.048100
0 0.241495 0.632275 0.037723 0.046657
0 0.242001 0.704666 0.036713 0.050024
0 0.242169 0.779221 0.036376 0.050024
0 0.242674 0.850409 0.036713 0.049062
1 0.539576 0.200096 0.041091 0.049062
1 0.604075 0.202261 0.038734 0.048581
1 0.718087 0.208273 0.037723 0.049062
1 0.773661 0.209235 0.038397 0.047138
1 0.830246 0.211159 0.037050 0.047138
2 0.538397 0.271765 0.040081 0.050986
2 0.603402 0.275613 0.038734 0.049062
2 0.661334 0.276575 0.037386 0.046176
2 0.717413 0.278499 0.037050 0.047138
2 0.773493 0.279221 0.038734 0.047619
3 0.537386 0.344156 0.042102 0.045695
3 0.660323 0.346561 0.038060 0.045695
3 0.716066 0.347523 0.037050 0.045695
3 0.772314 0.349206 0.037723 0.046176
4 0.537218 0.412939 0.040418 0.045695
4 0.601886 0.415584 0.037723 0.049062
4 0.659313 0.414863 0.039407 0.046657
4 0.715729 0.416306 0.037050 0.044733
4 0.771135 0.417508 0.037386 0.045214
5 0.537723 0.482443 0.037386 0.046176
5 0.600876 0.483886 0.037050 0.046176
5 0.658302 0.483886 0.037386 0.046176
5 0.714550 0.484367 0.036039 0.045214
5 0.770293 0.484848 0.037050 0.045214
5 0.825362 0.485810 0.037386 0.045214
5 0.879926 0.486051 0.035365 0.045695
6 0.536376 0.552429 0.040081 0.046657
6 0.600539 0.552910 0.037723 0.046657
6 0.657966 0.553391 0.038734 0.046657
6 0.713540 0.553872 0.036039 0.046657
6 0.768441 0.554113 0.038060 0.044252
6 0.824688 0.554834 0.037386 0.046657
7 0.535365 0.624339 0.040081 0.047138
7 0.599192 0.623858 0.037723 0.046176
7 0.656955 0.623858 0.038060 0.046176
7 0.713372 0.623617 0.036376 0.044733
7 0.768441 0.623136 0.037386 0.043771
7 0.824015 0.622896 0.038060 0.044252
8 0.534860 0.694084 0.040418 0.047138
8 0.599023 0.694324 0.038060 0.045695
8 0.656282 0.693362 0.037386 0.044733
8 0.711856 0.692400 0.037386 0.045695
8 0.767430 0.690957 0.036713 0.043771
8 0.823004 0.690717 0.037386 0.044252
9 0.534523 0.764069 0.041091 0.045695
9 0.598350 0.762386 0.037386 0.045214
9 0.655945 0.761905 0.037386 0.045214
10 0.534523 0.833574 0.039744 0.047138
10 0.597844 0.831650 0.037723 0.047138
10 0.654429 0.829966 0.039070 0.046657
10 0.711014 0.828042 0.037723 0.045695
