0 0.251820 0.211399 0.035974 0.051267
0 0.251392 0.286490 0.035118 0.050663
0 0.250535 0.359168 0.034261 0.051267
0 0.250535 0.433052 0.035118 0.048251
0 0.250107 0.502413 0.035118 0.050663
0 0.249251 0.575090 0.034261 0.047648
0 0.248822 0.645054 0.035118 0.048854
0 0.248394 0.715621 0.035974 0.051267
0 0.247537 0.783776 0.035118 0.051267
0 0.246253 0.855549 0.036831 0.051267
1 0.545182 0.220446 0.040257 0.048854
1 0.609636 0.222557 0.038972 0.048251
1 0.723983 0.229493 0.038972 0.048854
1 0.779657 0.232207 0.036403 0.047045
1 0.836403 0.235525 0.038544 0.046441
2 0.544540 0.291616 0.038972 0.047648
2 0.608565 0.292823 0.038544 0.047648
2 0.665739 0.297648 0.038116 0.046441
2 0.722056 0.299457 0.039400 0.045235
2 0.778158 0.301870 0.037687 0.046441
3 0.543041 0.360676 0.038544 0.047045
3 0.663812 0.366104 0.038544 0.045838
3 0.720771 0.368516 0.038544 0.045838
3 0.777516 0.370929 0.038972 0.045838
4 0.540471 0.430036 0.040257 0.048251
4 0.605139 0.433052 0.038544 0.047045
4 0.663169 0.434560 0.038972 0.046441
4 0.719486 0.436068 0.036831 0.044632
4 0.775589 0.437877 0.038544 0.044632
5 0.541328 0.500000 0.038544 0.047045
5 0.604497 0.500905 0.037259 0.045235
5 0.661884 0.502714 0.038972 0.046441
5 0.718415 0.503619 0.037259 0.045838
5 0.774732 0.505127 0.038544 0.045235
5 0.829979 0.506936 0.036831 0.044029
5 0.885653 0.509047 0.037687 0.043426
6 0.539186 0.569059 0.040257 0.045235
6 0.603640 0.570567 0.038972 0.047045
6 0.661028 0.572075 0.039829 0.047648
6 0.717345 0.572979 0.037687 0.045838
6 0.772591 0.573884 0.039400 0.046441
6 0.828908 0.575392 0.038116 0.047045
7 0.538544 0.638420 0.039829 0.046441
7 0.601927 0.639626 0.038116 0.045235
7 0.659529 0.640832 0.038544 0.045235
7 0.715846 0.641134 0.037259 0.044632
7 0.771734 0.642642 0.038544 0.045235
7 0.828051 0.643245 0.038116 0.044029
8 0.537687 0.707177 0.038972 0.045235
8 0.601285 0.709288 0.038544 0.048251
8 0.658030 0.709590 0.038972 0.046441
8 0.714775 0.709590 0.037687 0.046441
8 0.770236 0.709590 0.038116 0.045235
8 0.826767 0.710193 0.038116 0.042823
9 0.535332 0.774729 0.041113 0.042823
9 0.599786 0.775633 0.037259 0.044632
9 0.656959 0.775935 0.038544 0.045235
10 0.535118 0.842280 0.039829 0.045235
10 0.598715 0.842883 0.037687 0.046441
10 0.656317 0.842280 0.038116 0.045235
10 0.711777 0.842883 0.037687 0.044029
