0 0.231362 0.174013 0.035990 0.048669
0 0.231202 0.244031 0.035026 0.048209
0 0.230559 0.314738 0.035026 0.047291
0 0.230238 0.384068 0.035026 0.046373
0 0.230238 0.453857 0.035668 0.050046
0 0.229916 0.525482 0.036311 0.047291
0 0.229916 0.598714 0.036311 0.048669
0 0.229434 0.671258 0.037275 0.052342
0 0.229274 0.746556 0.037596 0.050505
0 0.228952 0.820248 0.038882 0.050964
1 0.517674 0.178375 0.042416 0.045455
1 0.580977 0.179293 0.039203 0.044536
1 0.692159 0.181818 0.037918 0.043159
1 0.746787 0.182966 0.037918 0.043618
1 0.802057 0.184343 0.039203 0.042700
2 0.519923 0.245409 0.038560 0.045455
2 0.582102 0.246327 0.038882 0.045455
2 0.638978 0.247245 0.037596 0.043618
2 0.694248 0.247704 0.036954 0.044536
2 0.749197 0.249311 0.038239 0.044077
3 0.521369 0.313131 0.037596 0.044995
3 0.641228 0.314509 0.038882 0.043159
3 0.696337 0.314050 0.037275 0.042241
3 0.751607 0.314738 0.037918 0.043618
4 0.522172 0.379477 0.038560 0.047291
4 0.584833 0.379706 0.037275 0.044995
4 0.642192 0.379706 0.036954 0.044077
4 0.698425 0.379936 0.036954 0.043618
4 0.754177 0.380165 0.038560 0.043159
5 0.522815 0.448806 0.038560 0.045455
5 0.586118 0.448347 0.037918 0.044536
5 0.643798 0.448347 0.036954 0.042700
5 0.700193 0.448118 0.037275 0.043159
5 0.756909 0.447429 0.038239 0.042700
5 0.812339 0.446970 0.037275 0.042700
5 0.866485 0.446740 0.037596 0.044077
6 0.524261 0.515381 0.038882 0.047291
6 0.587564 0.516070 0.038882 0.044995
6 0.645887 0.516070 0.037918 0.044995
6 0.702603 0.515152 0.039524 0.046832
6 0.758837 0.515152 0.039524 0.045914
6 0.815713 0.515840 0.039524 0.044536
7 0.525868 0.587695 0.039524 0.047750
7 0.589171 0.586088 0.038882 0.046373
7 0.647976 0.586547 0.037596 0.044536
7 0.704852 0.585170 0.038882 0.046373
7 0.761086 0.585399 0.038239 0.044077
7 0.817963 0.583792 0.037596 0.045455
8 0.527314 0.660468 0.040488 0.049128
8 0.591420 0.657025 0.039524 0.045914
8 0.650064 0.656566 0.038560 0.045914
8 0.707744 0.654500 0.038882 0.046373
8 0.762693 0.653352 0.038239 0.045914
8 0.820373 0.652663 0.037275 0.045455
9 0.527956 0.729339 0.040488 0.047291
9 0.593509 0.728191 0.039203 0.051423
9 0.652474 0.726814 0.038239 0.047750
10 0.529081 0.801423 0.040810 0.049128
10 0.594794 0.800046 0.040488 0.049128
10 0.653920 0.799128 0.038560 0.050046
10 0.711600 0.797521 0.039524 0.050505
