0 0.257627 0.145489 0.029194 0.045644
0 0.255473 0.211991 0.030945 0.048871
0 0.256297 0.279591 0.031382 0.047182
0 0.256561 0.346951 0.029485 0.052124
0 0.255764 0.411698 0.031527 0.048284
0 0.254888 0.480507 0.029776 0.047236
0 0.255473 0.550987 0.030945 0.045973
0 0.254303 0.614449 0.028606 0.050231
0 0.253024 0.685471 0.032109 0.055387
0 0.253288 0.754204 0.030212 0.052409
1 0.519503 0.127493 0.039006 0.043431
1 0.580930 0.125204 0.037012 0.047742
1 0.693270 0.124760 0.035024 0.045076
1 0.749979 0.123680 0.038139 0.044693
1 0.807512 0.120253 0.038055 0.043173
2 0.518776 0.194773 0.036339 0.044658
2 0.581027 0.194142 0.037206 0.043396
2 0.636285 0.191729 0.036206 0.042124
2 0.693955 0.191924 0.037606 0.042516
2 0.750915 0.192044 0.038800 0.039200
3 0.519085 0.261071 0.039382 0.045698
3 0.636973 0.260760 0.038794 0.043298
3 0.693548 0.260280 0.038006 0.045893
3 0.750436 0.258982 0.039055 0.043298
4 0.517864 0.327911 0.039364 0.047822
4 0.579424 0.327284 0.035212 0.046569
4 0.636658 0.327258 0.038164 0.044738
4 0.694048 0.326836 0.036582 0.043893
4 0.751239 0.325422 0.038236 0.042844
5 0.517767 0.397191 0.037958 0.045938
5 0.579936 0.396418 0.038661 0.044391
5 0.637064 0.394511 0.036552 0.044133
5 0.694797 0.396364 0.040503 0.046062
5 0.750485 0.394782 0.036727 0.046453
5 0.808773 0.395644 0.039364 0.042844
5 0.867797 0.393427 0.042261 0.043742
6 0.517967 0.462707 0.038358 0.045413
6 0.579839 0.463244 0.037255 0.046489
6 0.635709 0.461631 0.035055 0.043262
6 0.694136 0.462182 0.039182 0.042587
6 0.750545 0.462707 0.039273 0.045413
6 0.808579 0.461684 0.040188 0.045147
7 0.518127 0.532356 0.038679 0.046044
7 0.581388 0.532831 0.037927 0.045218
7 0.636809 0.532640 0.034830 0.048391
7 0.693555 0.532356 0.038018 0.046044
7 0.751230 0.531267 0.039430 0.047422
7 0.809415 0.532631 0.040648 0.046596
8 0.517245 0.600462 0.038127 0.043591
8 0.579324 0.602373 0.039861 0.049191
8 0.636079 0.600729 0.038218 0.044124
8 0.694067 0.601307 0.039042 0.047058
8 0.750067 0.602596 0.041952 0.042524
8 0.808624 0.601036 0.037855 0.041182
9 0.516994 0.670324 0.037624 0.048204
9 0.580479 0.669480 0.038533 0.044738
9 0.636661 0.668969 0.038170 0.047271
10 0.516948 0.738218 0.039958 0.047102
10 0.579585 0.738218 0.037958 0.047102
10 0.637209 0.736649 0.038055 0.049298
10 0.694215 0.739547 0.040552 0.047982
