0 0.264049 0.178025 0.031224 0.051600
1 0.263898 0.249969 0.030922 0.051850
2 0.263370 0.324465 0.034031 0.050960
3 0.263245 0.395956 0.032740 0.050304
4 0.262458 0.467537 0.032208 0.056073
5 0.262583 0.540031 0.033500 0.049617
6 0.263398 0.613536 0.033047 0.051429
7 0.261656 0.685449 0.033729 0.050055
8 0.261495 0.759684 0.032365 0.051764
9 0.261474 0.832537 0.034406 0.053833
10 0.537031 0.154442 0.039688 0.051272
10 0.601130 0.154442 0.039760 0.051272
10 0.718552 0.153747 0.039188 0.049883
10 0.777620 0.153747 0.039615 0.049883
10 0.837716 0.154344 0.038974 0.047955
11 0.535956 0.227564 0.039620 0.049196
11 0.599956 0.227026 0.038453 0.048119
11 0.659219 0.228591 0.038229 0.048126
11 0.718589 0.228447 0.039260 0.049399
11 0.777427 0.227373 0.038187 0.047252
12 0.536062 0.299875 0.040875 0.053302
12 0.658836 0.301155 0.036422 0.046495
12 0.718919 0.302221 0.040964 0.048626
12 0.776896 0.300500 0.040250 0.051429
13 0.535703 0.373169 0.039115 0.048447
13 0.599456 0.373103 0.038495 0.049875
13 0.658232 0.373614 0.038339 0.047775
13 0.717112 0.374239 0.038391 0.049024
13 0.776201 0.373380 0.038859 0.048868
14 0.534091 0.445020 0.040057 0.048509
14 0.598721 0.446038 0.038068 0.048985
14 0.656844 0.446034 0.038687 0.047416
14 0.717102 0.446756 0.037328 0.045738
14 0.777057 0.446772 0.037448 0.047330
14 0.835833 0.446581 0.038333 0.050070
14 0.896229 0.445726 0.039333 0.046799
15 0.533656 0.517287 0.037104 0.047845
15 0.598870 0.518653 0.039406 0.045894
15 0.657333 0.518899 0.040708 0.051069
15 0.716815 0.518942 0.037797 0.046472
15 0.775893 0.519102 0.040328 0.049914
15 0.835289 0.519356 0.039328 0.051983
16 0.533664 0.591674 0.040245 0.049859
16 0.597620 0.592408 0.037948 0.048205
16 0.656302 0.593048 0.038646 0.049485
16 0.715596 0.592631 0.038484 0.047088
16 0.775130 0.592732 0.038802 0.045730
16 0.834935 0.593189 0.037578 0.048205
17 0.533102 0.663735 0.042245 0.048782
17 0.598148 0.665246 0.040047 0.048681
17 0.655924 0.664223 0.037891 0.046635
17 0.715953 0.665726 0.039198 0.048080
17 0.773852 0.665898 0.039370 0.048423
17 0.834854 0.666694 0.038458 0.046893
18 0.533862 0.736444 0.039599 0.052123
18 0.597862 0.736936 0.040516 0.049984
18 0.656831 0.737830 0.039703 0.047088
19 0.532534 0.808201 0.037984 0.048876
19 0.597148 0.809836 0.038047 0.050585
19 0.655833 0.809688 0.039792 0.051850
19 0.715378 0.811741 0.038047 0.048150
