0 0.212009 0.195122 0.037194 0.050813
1 0.213071 0.270071 0.036486 0.050305
2 0.212540 0.343242 0.036840 0.048272
3 0.213780 0.416413 0.036486 0.045224
4 0.214488 0.488313 0.035778 0.047764
5 0.215019 0.557927 0.035423 0.047764
6 0.215728 0.627541 0.034006 0.046748
7 0.216436 0.697154 0.034715 0.046748
8 0.216259 0.766260 0.035778 0.048780
9 0.216614 0.833333 0.034361 0.047764
10 0.513107 0.177846 0.041445 0.047764
10 0.577400 0.179370 0.041091 0.048780
10 0.696954 0.182165 0.041445 0.049289
10 0.755225 0.183435 0.039674 0.047764
10 0.815445 0.184959 0.040383 0.047764
11 0.510627 0.251524 0.040028 0.048780
11 0.575983 0.253303 0.039674 0.048272
11 0.635848 0.254319 0.039674 0.047256
11 0.694828 0.255081 0.040028 0.045732
11 0.753100 0.255335 0.041800 0.046240
12 0.509387 0.324187 0.039674 0.046748
12 0.634431 0.325711 0.038966 0.047764
12 0.692880 0.326728 0.039674 0.047764
12 0.750974 0.327998 0.039674 0.046240
13 0.508856 0.394309 0.040028 0.048780
13 0.572972 0.395325 0.038611 0.045732
13 0.631952 0.396596 0.039674 0.048272
13 0.690243 0.398567 0.038650 0.048394
13 0.749203 0.397866 0.038966 0.046748
14 0.507616 0.464431 0.039674 0.046748
14 0.572441 0.465193 0.038966 0.046240
14 0.631066 0.467226 0.038611 0.045224
14 0.688983 0.467480 0.037549 0.044715
14 0.747432 0.468496 0.038257 0.045732
14 0.805349 0.468750 0.039320 0.046240
14 0.862912 0.469512 0.038257 0.047764
15 0.508324 0.533791 0.038966 0.046240
15 0.571732 0.534299 0.039674 0.044207
15 0.630535 0.535569 0.038966 0.044715
15 0.687389 0.536077 0.039320 0.045732
15 0.745661 0.537093 0.041091 0.043699
15 0.803932 0.538618 0.040028 0.045732
16 0.506376 0.603659 0.040028 0.045732
16 0.569784 0.604167 0.038611 0.046748
16 0.628764 0.604929 0.038257 0.047256
16 0.686681 0.605437 0.039320 0.047256
16 0.744598 0.606199 0.039674 0.046748
16 0.802338 0.607470 0.038966 0.046240
17 0.506199 0.672510 0.038257 0.044207
17 0.569075 0.673526 0.037903 0.045224
17 0.627524 0.673780 0.037903 0.043699
17 0.685087 0.674543 0.038966 0.044207
17 0.742118 0.674543 0.038257 0.044207
17 0.800567 0.675813 0.039674 0.043699
18 0.504428 0.740091 0.039674 0.046240
18 0.568190 0.741616 0.038257 0.044207
18 0.626107 0.742632 0.037903 0.044207
19 0.504074 0.807927 0.037549 0.044715
19 0.566950 0.808689 0.037903 0.044207
19 0.625044 0.809451 0.037903 0.044715
19 0.681899 0.810467 0.038966 0.045732
