0 0.201852 0.239594 0.034815 0.047716
1 0.202778 0.309645 0.033704 0.044670
2 0.203889 0.376650 0.033704 0.043655
3 0.204444 0.442893 0.034815 0.043147
4 0.205741 0.509898 0.034444 0.044162
5 0.207407 0.575381 0.034815 0.043147
6 0.208148 0.643401 0.035556 0.044162
7 0.210556 0.709898 0.037407 0.044162
8 0.210556 0.775888 0.035926 0.045178
9 0.211111 0.843401 0.036296 0.046193
10 0.488889 0.202792 0.037778 0.046193
10 0.552963 0.200254 0.040000 0.047208
10 0.671667 0.194416 0.040370 0.047716
10 0.731111 0.190355 0.041481 0.046701
10 0.792037 0.187310 0.041111 0.045685
11 0.490000 0.270051 0.039259 0.048731
11 0.554630 0.268274 0.040370 0.047208
11 0.613519 0.266497 0.039630 0.045685
11 0.672778 0.263452 0.038889 0.044670
11 0.731296 0.259137 0.041111 0.044162
12 0.491852 0.338579 0.040000 0.046701
12 0.613519 0.333756 0.038889 0.047208
12 0.674074 0.330964 0.040000 0.045685
12 0.733519 0.328680 0.041111 0.045178
13 0.492407 0.404822 0.038889 0.047208
13 0.556481 0.402538 0.038889 0.045685
13 0.615185 0.400508 0.038519 0.044670
13 0.674815 0.398477 0.038519 0.046701
13 0.734444 0.395685 0.039259 0.045178
14 0.493148 0.473350 0.040370 0.046193
14 0.557037 0.470558 0.039259 0.045685
14 0.617778 0.468782 0.040741 0.044162
14 0.676481 0.466244 0.038148 0.044162
14 0.735556 0.463706 0.039259 0.044162
14 0.795556 0.460914 0.040000 0.045685
14 0.857037 0.458629 0.040741 0.046193
15 0.493889 0.538325 0.041111 0.045178
15 0.558519 0.536548 0.039259 0.044670
15 0.618148 0.535787 0.038519 0.045178
15 0.677593 0.533756 0.039630 0.045178
15 0.736111 0.531472 0.041111 0.042640
15 0.797593 0.528934 0.042593 0.044670
16 0.495926 0.608376 0.040000 0.045178
16 0.560000 0.604822 0.037778 0.046193
16 0.618519 0.604061 0.039259 0.044670
16 0.678333 0.601777 0.039630 0.045178
16 0.737778 0.600254 0.040741 0.046193
16 0.799815 0.597970 0.041852 0.046701
17 0.495926 0.675127 0.040741 0.044670
17 0.561481 0.673096 0.039259 0.043655
17 0.620556 0.671574 0.038889 0.042640
17 0.679630 0.670051 0.039259 0.044670
17 0.739074 0.668274 0.039630 0.045178
17 0.800185 0.665990 0.040370 0.043655
18 0.497963 0.742386 0.039630 0.045178
18 0.561852 0.740863 0.038519 0.045178
18 0.622037 0.739340 0.038148 0.044162
19 0.498148 0.809898 0.038519 0.046193
19 0.563148 0.807614 0.038889 0.044670
19 0.622593 0.807107 0.039259 0.044670
19 0.681481 0.805838 0.039259 0.045178
