0 0.231362 0.174013 0.035990 0.048669
1 0.231202 0.244031 0.035026 0.048209
2 0.230559 0.314738 0.035026 0.047291
3 0.230238 0.384068 0.035026 0.046373
4 0.230238 0.453857 0.035668 0.050046
5 0.229916 0.525482 0.036311 0.047291
6 0.229916 0.598714 0.036311 0.048669
7 0.229434 0.671258 0.037275 0.052342
8 0.229274 0.746556 0.037596 0.050505
9 0.228952 0.820248 0.038882 0.050964
10 0.517674 0.178375 0.042416 0.045455
10 0.580977 0.179293 0.039203 0.044536
10 0.692159 0.181818 0.037918 0.043159
10 0.746787 0.182966 0.037918 0.043618
10 0.802057 0.184343 0.039203 0.042700
11 0.519923 0.245409 0.038560 0.045455
11 0.582102 0.246327 0.038882 0.045455
11 0.638978 0.247245 0.037596 0.043618
11 0.694248 0.247704 0.036954 0.044536
11 0.749197 0.249311 0.038239 0.044077
12 0.521369 0.313131 0.037596 0.044995
12 0.641228 0.314509 0.038882 0.043159
12 0.696337 0.314050 0.037275 0.042241
12 0.751607 0.314738 0.037918 0.043618
13 0.522172 0.379477 0.038560 0.047291
13 0.584833 0.379706 0.037275 0.044995
13 0.642192 0.379706 0.036954 0.044077
13 0.698425 0.379936 0.036954 0.043618
13 0.754177 0.380165 0.038560 0.043159
14 0.522815 0.448806 0.038560 0.045455
14 0.586118 0.448347 0.037918 0.044536
14 0.643798 0.448347 0.036954 0.042700
14 0.700193 0.448118 0.037275 0.043159
14 0.756909 0.447429 0.038239 0.042700
14 0.812339 0.446970 0.037275 0.042700
14 0.866485 0.446740 0.037596 0.044077
15 0.524261 0.515381 0.038882 0.047291
15 0.587564 0.516070 0.038882 0.044995
15 0.645887 0.516070 0.037918 0.044995
15 0.702603 0.515152 0.039524 0.046832
15 0.758837 0.515152 0.039524 0.045914
15 0.815713 0.515840 0.039524 0.044536
16 0.525868 0.587695 0.039524 0.047750
16 0.589171 0.586088 0.038882 0.046373
16 0.647976 0.586547 0.037596 0.044536
16 0.704852 0.585170 0.038882 0.046373
16 0.761086 0.585399 0.038239 0.044077
16 0.817963 0.583792 0.037596 0.045455
17 0.527314 0.660468 0.040488 0.049128
17 0.591420 0.657025 0.039524 0.045914
17 0.650064 0.656566 0.038560 0.045914
17 0.707744 0.654500 0.038882 0.046373
17 0.762693 0.653352 0.038239 0.045914
17 0.820373 0.652663 0.037275 0.045455
18 0.527956 0.729339 0.040488 0.047291
18 0.593509 0.728191 0.039203 0.051423
18 0.652474 0.726814 0.038239 0.047750
19 0.529081 0.801423 0.040810 0.049128
19 0.594794 0.800046 0.040488 0.049128
19 0.653920 0.799128 0.038560 0.050046
19 0.711600 0.797521 0.039524 0.050505
