0 0.240349 0.146635 0.032294 0.055021
1 0.241463 0.221421 0.031552 0.051816
2 0.240906 0.293536 0.031180 0.052885
3 0.241277 0.364583 0.030438 0.052885
4 0.240906 0.437233 0.030438 0.051816
5 0.241277 0.510951 0.030438 0.051816
6 0.241091 0.583868 0.029324 0.051282
7 0.240349 0.656784 0.030067 0.052885
8 0.240349 0.732372 0.030809 0.052350
9 0.240163 0.805556 0.031180 0.054487
10 0.534336 0.150908 0.039718 0.047543
10 0.597810 0.152511 0.038233 0.046474
10 0.711024 0.155182 0.037491 0.046474
10 0.766889 0.156784 0.037862 0.045406
10 0.822754 0.158120 0.038233 0.045940
11 0.534707 0.220887 0.038976 0.047543
11 0.597810 0.221688 0.038233 0.047009
11 0.655531 0.223558 0.037862 0.045406
11 0.711581 0.224893 0.037120 0.044872
11 0.767817 0.225694 0.038976 0.045406
12 0.535078 0.291132 0.038976 0.048077
12 0.655345 0.292468 0.038233 0.048611
12 0.711210 0.292468 0.037120 0.048611
12 0.767632 0.294071 0.037862 0.045406
13 0.534892 0.360043 0.037862 0.049145
13 0.598367 0.360310 0.037862 0.048611
13 0.656459 0.361378 0.037491 0.047543
13 0.711952 0.361378 0.035635 0.045406
13 0.768560 0.362447 0.038233 0.045406
14 0.535820 0.430556 0.037491 0.047009
14 0.598367 0.430288 0.037862 0.045406
14 0.656273 0.430288 0.037120 0.046474
14 0.712324 0.430288 0.037862 0.047543
14 0.768745 0.431624 0.036377 0.047009
14 0.824796 0.431090 0.036377 0.047009
14 0.879918 0.432692 0.036006 0.047009
15 0.535635 0.499466 0.037862 0.048077
15 0.598181 0.499466 0.037491 0.048077
15 0.657016 0.499466 0.037120 0.047009
15 0.713437 0.499199 0.038604 0.046474
15 0.770230 0.499733 0.037120 0.044338
15 0.825909 0.500000 0.038604 0.045940
16 0.535635 0.572382 0.038604 0.047543
16 0.599295 0.572382 0.038233 0.047543
16 0.657572 0.570513 0.038976 0.047009
16 0.714365 0.569979 0.038976 0.047009
16 0.770973 0.570246 0.037862 0.046474
16 0.827209 0.569444 0.038233 0.045940
17 0.536748 0.643162 0.039347 0.047009
17 0.600408 0.643162 0.038233 0.048077
17 0.658500 0.641827 0.037120 0.046474
17 0.715293 0.641026 0.037862 0.045940
17 0.771158 0.640491 0.038233 0.045940
17 0.827765 0.639690 0.037120 0.045406
18 0.536748 0.714476 0.038604 0.046474
18 0.600223 0.714209 0.037862 0.045940
18 0.659614 0.712340 0.037862 0.045406
19 0.537862 0.786058 0.037120 0.048611
19 0.601522 0.784722 0.038976 0.047009
19 0.659057 0.782853 0.037491 0.048611
19 0.716221 0.781250 0.038233 0.048611
