0 0.220352 0.185107 0.036663 0.049292
1 0.221474 0.258259 0.035915 0.049816
2 0.223345 0.330624 0.036663 0.048768
3 0.224841 0.401416 0.035915 0.047719
4 0.225589 0.472470 0.036663 0.049292
5 0.228021 0.543524 0.035541 0.046670
6 0.228769 0.613791 0.034792 0.047719
7 0.230640 0.684321 0.035541 0.048243
8 0.232510 0.754588 0.038533 0.048243
9 0.232510 0.826167 0.038533 0.047719
10 0.517209 0.174882 0.040778 0.046670
10 0.582117 0.174882 0.041152 0.047719
10 0.698092 0.173833 0.040404 0.045621
10 0.755331 0.173309 0.038159 0.045621
10 0.813505 0.171998 0.039282 0.046146
11 0.517396 0.245674 0.040404 0.047719
11 0.582866 0.245149 0.039656 0.047719
11 0.640853 0.244887 0.038908 0.045097
11 0.699214 0.243314 0.038159 0.046146
11 0.756079 0.242265 0.038159 0.045097
12 0.517583 0.315941 0.043023 0.046670
12 0.640479 0.312533 0.038159 0.048243
12 0.699214 0.311222 0.038159 0.046670
12 0.756453 0.310960 0.038908 0.045097
13 0.518519 0.383062 0.039656 0.047719
13 0.583614 0.382276 0.038908 0.047195
13 0.641975 0.380703 0.038159 0.046146
13 0.699588 0.378867 0.037411 0.045621
13 0.757202 0.378081 0.038159 0.044048
14 0.519828 0.452805 0.039282 0.045621
14 0.583988 0.450970 0.038159 0.046146
14 0.642162 0.449397 0.038533 0.045097
14 0.699963 0.448086 0.038159 0.044573
14 0.757763 0.446251 0.037785 0.044048
14 0.814815 0.444678 0.038159 0.045097
14 0.871680 0.443891 0.038159 0.045621
15 0.520950 0.520189 0.038533 0.047195
15 0.585484 0.518353 0.038159 0.044573
15 0.643659 0.517567 0.037785 0.045097
15 0.701272 0.516256 0.039282 0.045621
15 0.758511 0.513896 0.037037 0.040902
15 0.816311 0.512847 0.039656 0.045097
16 0.521886 0.591767 0.037411 0.052963
16 0.586046 0.587834 0.037785 0.048243
16 0.645155 0.585999 0.037785 0.046670
16 0.702207 0.584426 0.037411 0.046670
16 0.758885 0.582853 0.037785 0.045621
16 0.816872 0.581279 0.038533 0.045621
17 0.522821 0.660986 0.038533 0.047719
17 0.586794 0.656791 0.038533 0.046670
17 0.646091 0.654169 0.037411 0.045621
17 0.702394 0.653120 0.038533 0.045621
17 0.759820 0.650760 0.038908 0.045097
17 0.817247 0.648401 0.036289 0.044573
18 0.523756 0.729680 0.038159 0.047719
18 0.588477 0.725223 0.036663 0.047195
18 0.646839 0.723650 0.037411 0.046146
19 0.524504 0.798374 0.038908 0.047719
19 0.589226 0.793393 0.038159 0.048243
19 0.648148 0.791557 0.038533 0.046670
19 0.704452 0.789722 0.038908 0.047195
