0 0.234812 0.184524 0.036526 0.047619
1 0.235371 0.255682 0.036899 0.047078
2 0.233880 0.325216 0.036899 0.046537
3 0.233507 0.393939 0.036154 0.044372
4 0.232948 0.464827 0.035781 0.046537
5 0.232762 0.534091 0.035408 0.047619
6 0.231085 0.604978 0.035781 0.046537
7 0.231271 0.676136 0.034663 0.047078
8 0.229594 0.749188 0.037272 0.048160
9 0.228848 0.821429 0.035035 0.045455
10 0.515840 0.173431 0.039508 0.043831
10 0.579389 0.172890 0.039135 0.045996
10 0.694931 0.169913 0.039881 0.045455
10 0.751584 0.168831 0.038390 0.045455
10 0.811219 0.167749 0.039881 0.046537
11 0.515654 0.242965 0.040626 0.046537
11 0.580134 0.241613 0.039881 0.045996
11 0.638278 0.240801 0.038390 0.044372
11 0.696236 0.239177 0.038763 0.045455
11 0.753448 0.237284 0.041372 0.043831
12 0.517145 0.311418 0.041372 0.045996
12 0.639023 0.309253 0.039135 0.047078
12 0.697167 0.307900 0.039135 0.046537
12 0.754566 0.306818 0.039135 0.045455
13 0.517890 0.379600 0.039135 0.045996
13 0.580693 0.378788 0.038763 0.046537
13 0.640328 0.377706 0.040253 0.045455
13 0.698286 0.376082 0.037644 0.045455
13 0.756616 0.374729 0.038763 0.043831
14 0.517518 0.449134 0.039881 0.046537
14 0.581811 0.448052 0.038763 0.046537
14 0.640142 0.446970 0.039135 0.046537
14 0.699404 0.446429 0.037644 0.046537
14 0.757920 0.444535 0.038390 0.044913
14 0.816250 0.443723 0.039508 0.046537
14 0.875699 0.442911 0.039135 0.047078
15 0.519195 0.517587 0.038763 0.047078
15 0.582557 0.517587 0.038763 0.045996
15 0.641073 0.517316 0.038017 0.046537
15 0.700522 0.515693 0.040626 0.047619
15 0.759225 0.514610 0.040999 0.045455
15 0.819046 0.513799 0.042117 0.047078
16 0.517890 0.592262 0.041372 0.053571
16 0.583675 0.587662 0.038017 0.049784
16 0.642751 0.587121 0.037644 0.048701
16 0.700895 0.586580 0.038390 0.048701
16 0.761088 0.586039 0.039508 0.047619
16 0.821096 0.585227 0.040999 0.047078
17 0.519009 0.662608 0.039135 0.045996
17 0.584793 0.658820 0.038017 0.050325
17 0.643869 0.659632 0.038390 0.050866
17 0.702385 0.658550 0.039135 0.050866
17 0.762020 0.657738 0.040626 0.050325
17 0.822587 0.656656 0.040253 0.047078
18 0.519568 0.732413 0.040253 0.047078
18 0.584642 0.730127 0.039206 0.050568
18 0.644801 0.730790 0.038017 0.047078
19 0.519754 0.804383 0.040626 0.048160
19 0.585539 0.803030 0.039508 0.047619
19 0.645546 0.802489 0.038763 0.049784
19 0.705181 0.801677 0.040253 0.049242
