0 0.223158 0.179437 0.033307 0.054648
1 0.223550 0.253803 0.033307 0.052394
2 0.223746 0.325352 0.033699 0.049014
3 0.223550 0.397183 0.033307 0.048451
4 0.224138 0.466761 0.033699 0.051268
5 0.224726 0.537183 0.034091 0.050141
6 0.224530 0.609014 0.033699 0.049577
7 0.225313 0.679155 0.033699 0.051268
8 0.225705 0.753631 0.034483 0.046541
9 0.225313 0.825634 0.034483 0.050141
10 0.513860 0.172285 0.041826 0.041910
10 0.577194 0.174648 0.039185 0.046197
10 0.692594 0.174085 0.038793 0.047324
10 0.750000 0.174085 0.039185 0.046197
10 0.808777 0.173239 0.039185 0.046761
11 0.513911 0.244507 0.039577 0.048451
11 0.577586 0.244225 0.039969 0.047887
11 0.636168 0.244507 0.039577 0.045070
11 0.694553 0.243944 0.038009 0.047324
11 0.751371 0.243380 0.040361 0.047324
12 0.514303 0.314930 0.039577 0.046197
12 0.635580 0.313803 0.037618 0.047324
12 0.694161 0.313803 0.038009 0.046197
12 0.751176 0.312676 0.038401 0.046197
13 0.515086 0.383099 0.037226 0.047324
13 0.577586 0.383099 0.037618 0.047324
13 0.635972 0.383099 0.038401 0.046197
13 0.694357 0.382254 0.037618 0.046761
13 0.752155 0.381127 0.039577 0.046761
14 0.515282 0.453521 0.039185 0.046197
14 0.578938 0.451944 0.039538 0.043718
14 0.636755 0.452113 0.039185 0.046761
14 0.694553 0.451549 0.037226 0.046761
14 0.752939 0.450423 0.038793 0.047887
14 0.811520 0.449577 0.038401 0.049577
14 0.868730 0.450141 0.039185 0.047324
15 0.515870 0.520845 0.038793 0.046761
15 0.578566 0.521127 0.038793 0.047324
15 0.637343 0.520563 0.039577 0.047324
15 0.695925 0.521127 0.038401 0.047324
15 0.753918 0.519155 0.039185 0.045634
15 0.813088 0.518310 0.040752 0.047324
16 0.516262 0.592394 0.039577 0.046761
16 0.579741 0.592394 0.038793 0.046761
16 0.638715 0.591831 0.038401 0.047887
16 0.696904 0.590141 0.037226 0.047887
16 0.753723 0.589859 0.038793 0.047324
16 0.813284 0.589296 0.038009 0.047324
17 0.516850 0.664507 0.039969 0.046761
17 0.580525 0.662817 0.038793 0.046761
17 0.640478 0.664225 0.040361 0.050704
17 0.697884 0.663099 0.037618 0.048451
17 0.754114 0.660282 0.038009 0.047324
17 0.813871 0.660563 0.037618 0.046761
18 0.516458 0.734085 0.039185 0.046197
18 0.579937 0.732958 0.038401 0.046197
18 0.639890 0.731268 0.039185 0.046197
19 0.517045 0.803099 0.038793 0.046761
19 0.581113 0.801972 0.038401 0.046761
19 0.640674 0.801127 0.038401 0.048451
19 0.698668 0.800563 0.038401 0.048451
