0 0.238997 0.182559 0.033777 0.050889
1 0.239338 0.252964 0.033095 0.050395
2 0.239168 0.324111 0.032071 0.049407
3 0.239338 0.395257 0.032412 0.052372
4 0.240020 0.466156 0.031047 0.052866
5 0.239509 0.536561 0.032071 0.051383
6 0.238997 0.607708 0.030365 0.051383
7 0.239168 0.680583 0.030706 0.052866
8 0.238656 0.752470 0.031730 0.050395
9 0.238656 0.823864 0.030365 0.051877
10 0.525930 0.172925 0.041283 0.045455
10 0.589730 0.173172 0.039236 0.045949
10 0.704367 0.172678 0.038553 0.045949
10 0.761344 0.171937 0.039236 0.045455
10 0.819345 0.171443 0.039236 0.046443
11 0.526783 0.244071 0.040942 0.046443
11 0.590242 0.243330 0.038895 0.046937
11 0.648755 0.243083 0.038553 0.044466
11 0.704708 0.242589 0.038553 0.045455
11 0.762368 0.241848 0.038553 0.044960
12 0.526953 0.312994 0.039918 0.046937
12 0.648414 0.311759 0.037871 0.047431
12 0.704879 0.311018 0.036847 0.047925
12 0.762538 0.310524 0.039577 0.045949
13 0.526783 0.380682 0.039577 0.047925
13 0.590413 0.381423 0.037871 0.045455
13 0.649608 0.380682 0.037530 0.045949
13 0.706073 0.379941 0.037871 0.045455
13 0.763562 0.378211 0.037530 0.045949
14 0.528489 0.452075 0.039577 0.045455
14 0.591948 0.450840 0.038895 0.046937
14 0.649778 0.450099 0.037189 0.046443
14 0.706585 0.449605 0.037530 0.044466
14 0.764756 0.447628 0.037189 0.045455
14 0.822245 0.446640 0.038212 0.047431
14 0.880075 0.446393 0.039236 0.047925
15 0.529000 0.518528 0.038553 0.046937
15 0.591607 0.519269 0.039577 0.047431
15 0.650972 0.518034 0.038895 0.045949
15 0.708632 0.518775 0.039577 0.046443
15 0.764585 0.518034 0.038895 0.044960
15 0.824633 0.517787 0.039577 0.043478
16 0.529512 0.589180 0.039577 0.049901
16 0.592631 0.589674 0.037530 0.052866
16 0.651484 0.587945 0.036506 0.050395
16 0.709485 0.587451 0.039236 0.049407
16 0.766974 0.587451 0.036165 0.048419
16 0.825827 0.586957 0.039236 0.046443
17 0.530024 0.662549 0.039918 0.047431
17 0.594678 0.662796 0.040259 0.051877
17 0.653190 0.660079 0.037871 0.052372
17 0.709997 0.659585 0.037530 0.053360
17 0.766803 0.657856 0.038553 0.049901
17 0.826510 0.656868 0.039236 0.046937
18 0.530024 0.733202 0.039918 0.046443
18 0.595189 0.732460 0.040600 0.047925
18 0.653872 0.729990 0.037871 0.045949
19 0.531047 0.803113 0.038553 0.046937
19 0.594848 0.801630 0.038553 0.047925
19 0.654214 0.800642 0.038553 0.047925
19 0.711532 0.799654 0.038553 0.047925
