0 0.224697 0.163270 0.034653 0.047837
1 0.223735 0.236689 0.034378 0.049085
2 0.223047 0.310524 0.034653 0.048669
3 0.222497 0.385191 0.034653 0.048253
4 0.220435 0.459443 0.037129 0.051165
5 0.220435 0.534942 0.037129 0.050749
6 0.220022 0.610233 0.036304 0.050749
7 0.219884 0.688020 0.036029 0.052413
8 0.219334 0.764559 0.036029 0.050749
9 0.218922 0.844426 0.036854 0.051581
10 0.512239 0.155782 0.039329 0.048669
10 0.575083 0.155990 0.039604 0.048253
10 0.688944 0.155990 0.037954 0.048253
10 0.745187 0.156614 0.039329 0.047837
10 0.802668 0.156822 0.039329 0.047421
11 0.511826 0.227537 0.039604 0.052413
11 0.576183 0.227745 0.036854 0.053661
11 0.633938 0.227745 0.036854 0.047837
11 0.690457 0.226913 0.037679 0.049501
11 0.747112 0.227121 0.039879 0.050749
12 0.512376 0.301581 0.040154 0.047421
12 0.634626 0.299917 0.039329 0.047421
12 0.692107 0.299501 0.037679 0.046589
12 0.749175 0.299085 0.038504 0.047421
13 0.512239 0.371880 0.041529 0.047421
13 0.577695 0.372088 0.038229 0.047005
13 0.636001 0.371464 0.038779 0.047421
13 0.692932 0.370216 0.037679 0.048253
13 0.750688 0.369800 0.038779 0.049085
14 0.513614 0.445507 0.038229 0.049085
14 0.577970 0.444676 0.036579 0.049085
14 0.636414 0.444052 0.038504 0.048669
14 0.694582 0.443428 0.036579 0.047421
14 0.752888 0.442388 0.038779 0.047837
14 0.810094 0.441348 0.038229 0.046589
14 0.866887 0.440932 0.039054 0.048253
15 0.514301 0.517679 0.040154 0.049501
15 0.578933 0.517679 0.037954 0.050333
15 0.638476 0.517471 0.039329 0.048253
15 0.696095 0.516639 0.037404 0.047421
15 0.754125 0.515807 0.040154 0.050749
15 0.813256 0.514559 0.040154 0.049917
16 0.514989 0.594010 0.041529 0.049917
16 0.580308 0.593594 0.039054 0.051581
16 0.639989 0.591930 0.039604 0.051581
16 0.698157 0.591098 0.038229 0.049917
16 0.755913 0.591098 0.038779 0.047421
16 0.815319 0.590058 0.039879 0.049501
17 0.515402 0.670133 0.040704 0.050749
17 0.581133 0.668677 0.039054 0.050333
17 0.641089 0.667429 0.039054 0.050333
17 0.699807 0.665765 0.039329 0.047837
17 0.757701 0.664933 0.039054 0.048669
17 0.816832 0.663270 0.038504 0.048669
18 0.515952 0.744176 0.040704 0.050749
18 0.581683 0.743344 0.038504 0.049917
18 0.642189 0.742512 0.038504 0.049917
19 0.517052 0.822379 0.041254 0.051581
19 0.583196 0.819884 0.040429 0.053245
19 0.643427 0.818636 0.039329 0.051581
19 0.703108 0.818012 0.039879 0.051997
