0 0.223036 0.182117 0.032694 0.052336
1 0.223412 0.256904 0.031191 0.053510
2 0.223224 0.332566 0.031567 0.052934
3 0.223412 0.405650 0.030440 0.051761
4 0.223412 0.479862 0.030440 0.054085
5 0.223036 0.552071 0.029688 0.050058
6 0.223036 0.624856 0.029688 0.050633
7 0.222849 0.697066 0.030064 0.048907
8 0.223036 0.767937 0.031191 0.051007
9 0.223036 0.840334 0.030440 0.053510
10 0.510710 0.185558 0.040586 0.048907
10 0.574154 0.189468 0.040455 0.051444
10 0.687899 0.193613 0.037956 0.050058
10 0.744457 0.195915 0.038331 0.048907
10 0.801578 0.197929 0.038331 0.049482
11 0.510147 0.260357 0.038707 0.051208
11 0.572529 0.262946 0.037956 0.048331
11 0.630778 0.264960 0.037204 0.047756
11 0.686960 0.266974 0.038331 0.048331
11 0.742954 0.270138 0.037580 0.047756
12 0.509019 0.332854 0.040210 0.048907
12 0.627584 0.337169 0.038331 0.049482
12 0.683390 0.339758 0.034949 0.048907
12 0.739947 0.340621 0.037580 0.050633
13 0.507704 0.403913 0.038331 0.049482
13 0.569711 0.406789 0.036828 0.049482
13 0.626832 0.410529 0.036077 0.053510
13 0.682638 0.409954 0.036452 0.050058
13 0.738632 0.411968 0.037956 0.049482
14 0.507516 0.477560 0.037956 0.050633
14 0.568395 0.477560 0.036452 0.050633
14 0.624953 0.479574 0.037580 0.046605
14 0.680947 0.481588 0.036828 0.046030
14 0.736189 0.483602 0.037580 0.046605
14 0.792371 0.485040 0.036452 0.047181
14 0.848177 0.487629 0.037580 0.047756
15 0.505825 0.547468 0.039083 0.047756
15 0.567644 0.549482 0.037956 0.049482
15 0.624201 0.549482 0.037580 0.047181
15 0.679256 0.551496 0.037956 0.046605
15 0.734123 0.552934 0.037956 0.046030
15 0.791244 0.556099 0.040962 0.046605
16 0.504885 0.619102 0.038707 0.047181
16 0.566892 0.620829 0.037956 0.048331
16 0.622698 0.621979 0.036828 0.047181
16 0.678692 0.623130 0.036828 0.047181
16 0.733747 0.625144 0.037956 0.047756
16 0.789929 0.626582 0.037580 0.047181
17 0.504697 0.690449 0.039835 0.047181
17 0.566141 0.691024 0.037204 0.046030
17 0.621947 0.692463 0.036828 0.045455
17 0.676625 0.693326 0.037956 0.046030
17 0.732244 0.694189 0.038707 0.044304
17 0.787486 0.696490 0.036452 0.045455
18 0.503006 0.759206 0.039459 0.045455
18 0.564074 0.760932 0.037580 0.044304
18 0.620631 0.761507 0.037204 0.045455
19 0.501879 0.829402 0.037956 0.047756
19 0.562570 0.830552 0.038331 0.045455
19 0.618564 0.830265 0.036828 0.046030
19 0.673431 0.831128 0.036077 0.045455
