0 0.264470 0.170600 0.033124 0.052848
1 0.262378 0.242175 0.033124 0.052335
2 0.259937 0.312468 0.035216 0.051308
3 0.258368 0.383017 0.034868 0.051821
4 0.256450 0.455105 0.035216 0.054387
5 0.254358 0.526680 0.036611 0.052848
6 0.251743 0.598769 0.034868 0.052335
7 0.249826 0.671883 0.034519 0.051821
8 0.247385 0.746280 0.036611 0.054900
9 0.244944 0.819138 0.033821 0.053874
10 0.547768 0.184710 0.038354 0.047204
10 0.608787 0.188302 0.038354 0.047204
10 0.718445 0.196254 0.038703 0.046691
10 0.772664 0.200103 0.036960 0.046178
10 0.826883 0.202925 0.037308 0.046691
11 0.545676 0.254489 0.038354 0.047204
11 0.607392 0.257825 0.038354 0.045664
11 0.663354 0.260903 0.037308 0.043612
11 0.717573 0.264751 0.036262 0.046178
11 0.771618 0.268343 0.036262 0.046178
12 0.544107 0.322730 0.037308 0.045151
12 0.661088 0.329143 0.036960 0.046691
12 0.716179 0.332735 0.036960 0.046691
12 0.770397 0.335813 0.037308 0.044638
13 0.543061 0.390457 0.037308 0.047204
13 0.603905 0.393792 0.036960 0.046691
13 0.659519 0.396101 0.035914 0.045151
13 0.715460 0.399772 0.034826 0.046018
13 0.770049 0.402001 0.035914 0.046691
14 0.541667 0.458953 0.038006 0.046691
14 0.602685 0.462545 0.038006 0.045664
14 0.658298 0.465623 0.037657 0.045664
14 0.714086 0.468189 0.036960 0.046691
14 0.768828 0.470498 0.035565 0.046178
14 0.823047 0.473063 0.036611 0.047204
14 0.877964 0.476142 0.035565 0.048230
15 0.538180 0.528220 0.042190 0.045664
15 0.601639 0.531042 0.038703 0.046178
15 0.657775 0.533094 0.038006 0.046178
15 0.713389 0.535659 0.037657 0.047204
15 0.767608 0.537712 0.038703 0.045151
15 0.823222 0.540277 0.037657 0.045151
16 0.538180 0.599025 0.039400 0.046691
16 0.600593 0.601591 0.038006 0.047717
16 0.657078 0.603386 0.037308 0.047204
16 0.712169 0.605439 0.036611 0.048230
16 0.767259 0.608004 0.037308 0.047204
16 0.822873 0.610313 0.036960 0.046691
17 0.537831 0.670087 0.036611 0.047204
17 0.600070 0.671883 0.036960 0.045664
17 0.656729 0.673422 0.036611 0.045664
17 0.711820 0.675218 0.036611 0.046178
17 0.766562 0.677014 0.036611 0.046691
17 0.821827 0.679323 0.036262 0.046178
18 0.536611 0.740380 0.036262 0.048230
18 0.598152 0.741149 0.035914 0.046691
18 0.654986 0.742945 0.038703 0.047204
19 0.535042 0.810416 0.037308 0.047717
19 0.596757 0.810929 0.036611 0.047717
19 0.654114 0.812211 0.036960 0.047204
19 0.710077 0.814264 0.036611 0.047204
