0 0.225497 0.186269 0.034358 0.046833
1 0.225497 0.261309 0.033635 0.050027
2 0.226040 0.334220 0.035443 0.048962
3 0.226221 0.406865 0.034358 0.047366
4 0.225678 0.478978 0.033996 0.050027
5 0.227306 0.552422 0.033635 0.045769
6 0.226944 0.625067 0.033635 0.048430
7 0.227125 0.695583 0.033996 0.047898
8 0.227486 0.768494 0.034720 0.048962
9 0.226944 0.842735 0.032911 0.047366
10 0.516456 0.164981 0.040506 0.047898
10 0.580651 0.165514 0.038698 0.048962
10 0.696203 0.166312 0.039060 0.047366
10 0.753526 0.166844 0.038698 0.047366
10 0.811754 0.168175 0.040145 0.047898
11 0.516094 0.237892 0.040506 0.050027
11 0.580651 0.238425 0.040145 0.047898
11 0.638879 0.238425 0.037251 0.046833
11 0.696383 0.239223 0.037975 0.047366
11 0.754430 0.238957 0.042676 0.046833
12 0.515371 0.310271 0.042676 0.046833
12 0.637613 0.310271 0.038336 0.047898
12 0.696383 0.310005 0.038698 0.047366
12 0.753345 0.310538 0.038336 0.046301
13 0.516275 0.379723 0.038698 0.048430
13 0.579385 0.380255 0.037613 0.046301
13 0.637432 0.380522 0.037975 0.045769
13 0.695660 0.379989 0.037251 0.047898
13 0.752984 0.380522 0.037613 0.046833
14 0.516275 0.451304 0.037975 0.048962
14 0.579204 0.451304 0.037975 0.047898
14 0.637432 0.451570 0.039421 0.047366
14 0.695298 0.451570 0.036528 0.047366
14 0.753526 0.451304 0.038698 0.046833
14 0.810850 0.451304 0.037613 0.047898
14 0.867993 0.451570 0.039060 0.048430
15 0.516456 0.520490 0.037613 0.047898
15 0.578481 0.522618 0.037975 0.048962
15 0.637071 0.522885 0.037975 0.048430
15 0.694937 0.522618 0.037975 0.046833
15 0.752260 0.522618 0.036890 0.046833
15 0.811392 0.521554 0.038698 0.047898
16 0.515732 0.594465 0.040506 0.047898
16 0.579204 0.596594 0.037975 0.048962
16 0.637794 0.595530 0.037975 0.050027
16 0.695479 0.594199 0.037613 0.048430
16 0.752260 0.593135 0.038336 0.048430
16 0.810850 0.592869 0.039060 0.047898
17 0.516094 0.666844 0.039060 0.047898
17 0.579204 0.666844 0.037975 0.047898
17 0.637794 0.666046 0.037975 0.047366
17 0.695660 0.664981 0.037975 0.046301
17 0.752441 0.664715 0.037251 0.046833
17 0.810669 0.664981 0.037975 0.047366
18 0.516275 0.737626 0.038698 0.046833
18 0.579204 0.737626 0.037251 0.046833
18 0.638517 0.736828 0.037975 0.047366
19 0.516637 0.807877 0.037251 0.047898
19 0.579566 0.807877 0.037975 0.046833
19 0.637432 0.807610 0.037251 0.047366
19 0.695841 0.806812 0.038336 0.047898
