0 0.226902 0.172040 0.035250 0.049472
1 0.227458 0.245136 0.033395 0.050028
2 0.226902 0.318510 0.034508 0.047804
3 0.226160 0.390495 0.033766 0.046137
4 0.225788 0.462757 0.033024 0.048360
5 0.225046 0.535019 0.035250 0.048360
6 0.224304 0.605892 0.034508 0.048916
7 0.223933 0.678155 0.033766 0.050028
8 0.222449 0.750973 0.033766 0.052251
9 0.221892 0.823513 0.033395 0.050584
10 0.510204 0.168705 0.040074 0.047248
10 0.573655 0.170372 0.038590 0.048360
10 0.688126 0.173986 0.038219 0.047804
10 0.745083 0.174541 0.040074 0.047804
10 0.803896 0.175653 0.040445 0.047804
11 0.509462 0.242913 0.039332 0.048916
11 0.572171 0.244024 0.039332 0.047804
11 0.631169 0.245136 0.037106 0.046693
11 0.687941 0.246248 0.038590 0.047804
11 0.745269 0.247082 0.039703 0.048360
12 0.510390 0.314063 0.037477 0.050028
12 0.629499 0.316565 0.038961 0.051695
12 0.685900 0.317399 0.036735 0.050028
12 0.744341 0.317954 0.038590 0.048916
13 0.509276 0.385770 0.036735 0.051140
13 0.570686 0.387437 0.037106 0.052251
13 0.629128 0.387715 0.037477 0.050584
13 0.685714 0.388549 0.037848 0.048916
13 0.744341 0.388549 0.038590 0.048916
14 0.507050 0.456643 0.039703 0.047248
14 0.570130 0.458032 0.037477 0.046693
14 0.628200 0.458866 0.037106 0.046137
14 0.685158 0.460256 0.036735 0.045581
14 0.743414 0.461367 0.038219 0.046693
14 0.800742 0.462201 0.037848 0.048360
14 0.858627 0.463591 0.038590 0.048916
15 0.506865 0.528627 0.038590 0.048916
15 0.569388 0.530017 0.038961 0.049472
15 0.628200 0.530295 0.038590 0.047804
15 0.684601 0.531684 0.037848 0.046137
15 0.741929 0.533074 0.039703 0.045581
15 0.800928 0.533352 0.039703 0.046137
16 0.506308 0.601723 0.039703 0.048360
16 0.569202 0.602557 0.038590 0.047804
16 0.627273 0.603113 0.037477 0.047804
16 0.684416 0.604503 0.037477 0.047248
16 0.742486 0.605892 0.038590 0.047804
16 0.801299 0.607004 0.038961 0.047804
17 0.506308 0.672874 0.038961 0.047248
17 0.568831 0.673986 0.037848 0.047248
17 0.627273 0.674819 0.038219 0.046693
17 0.683673 0.676487 0.037477 0.046693
17 0.741558 0.677321 0.038219 0.048360
17 0.800371 0.678988 0.038590 0.047248
18 0.505009 0.744024 0.039332 0.049472
18 0.568089 0.744580 0.037848 0.049472
18 0.626716 0.746804 0.037106 0.047248
19 0.504824 0.816565 0.035993 0.052251
19 0.567718 0.819622 0.036364 0.053919
19 0.625974 0.818510 0.036364 0.051695
19 0.684416 0.818510 0.035250 0.050584
