0 0.242263 0.165723 0.034732 0.052496
1 0.240371 0.237519 0.033012 0.050952
2 0.238824 0.310602 0.034732 0.049923
3 0.238308 0.381112 0.033012 0.049923
4 0.237620 0.451879 0.033012 0.049408
5 0.235729 0.523675 0.034044 0.049923
6 0.234354 0.598816 0.033356 0.049923
7 0.233666 0.671899 0.033356 0.050952
8 0.232462 0.744982 0.035763 0.051981
9 0.231431 0.817808 0.035076 0.054555
10 0.524759 0.173443 0.038514 0.046320
10 0.587001 0.176016 0.039202 0.047349
10 0.698590 0.181420 0.038858 0.047864
10 0.754470 0.183994 0.037827 0.045805
10 0.810007 0.186052 0.037483 0.044776
11 0.523384 0.245239 0.039202 0.047864
11 0.586142 0.246269 0.038858 0.048893
11 0.643226 0.249099 0.037483 0.047349
11 0.699278 0.251930 0.036795 0.046835
11 0.755502 0.252959 0.039890 0.046835
12 0.522868 0.315749 0.037483 0.047864
12 0.641162 0.320381 0.036795 0.048893
12 0.698762 0.321668 0.037827 0.047349
12 0.754298 0.323984 0.037483 0.045805
13 0.522008 0.386516 0.037139 0.052496
13 0.584422 0.388060 0.036795 0.052496
13 0.641334 0.389861 0.035763 0.047864
13 0.697603 0.390054 0.040323 0.045419
13 0.753611 0.392692 0.036795 0.045291
14 0.520977 0.455996 0.037139 0.048379
14 0.583735 0.458312 0.037483 0.046835
14 0.640818 0.459599 0.036795 0.045291
14 0.697387 0.461657 0.035076 0.046320
14 0.754298 0.463716 0.036795 0.045291
14 0.809319 0.465260 0.036107 0.046320
14 0.864684 0.467319 0.036795 0.046320
15 0.520977 0.527277 0.038514 0.047864
15 0.582875 0.529851 0.037827 0.047864
15 0.641162 0.530108 0.038858 0.047349
15 0.696871 0.531652 0.037483 0.046320
15 0.752923 0.534225 0.037483 0.046320
15 0.810179 0.534997 0.038514 0.045805
16 0.520289 0.599074 0.037827 0.047349
16 0.582703 0.601647 0.037483 0.047349
16 0.640990 0.602676 0.038514 0.047349
16 0.697043 0.604220 0.037827 0.047349
16 0.753095 0.605764 0.037139 0.047349
16 0.810007 0.607051 0.037483 0.046835
17 0.519601 0.670612 0.038514 0.046320
17 0.581843 0.672671 0.037827 0.046320
17 0.640646 0.673700 0.039202 0.046320
17 0.697215 0.675244 0.038171 0.046320
17 0.752923 0.676788 0.036107 0.047349
17 0.810179 0.678590 0.037139 0.046835
18 0.519257 0.743438 0.039890 0.047864
18 0.581499 0.743438 0.037139 0.047864
18 0.639615 0.745239 0.037139 0.048379
19 0.518226 0.813948 0.039202 0.048893
19 0.580983 0.815492 0.038171 0.049923
19 0.638067 0.817808 0.034732 0.052496
19 0.696527 0.817550 0.038171 0.050952
