0 0.230322 0.189189 0.034853 0.050622
1 0.232501 0.265766 0.036886 0.051051
2 0.232646 0.339983 0.035434 0.050193
3 0.234243 0.412269 0.035144 0.048906
4 0.235696 0.485628 0.034563 0.050622
5 0.237293 0.557701 0.034853 0.049764
6 0.237729 0.629129 0.033982 0.048477
7 0.240198 0.700129 0.034272 0.048906
8 0.240633 0.770270 0.033401 0.045903
9 0.241795 0.840841 0.035725 0.048906
10 0.523381 0.181682 0.041824 0.051909
10 0.588586 0.182325 0.040372 0.053196
10 0.706070 0.181682 0.040081 0.051909
10 0.764595 0.181467 0.038048 0.050622
10 0.824136 0.183183 0.040372 0.054054
11 0.523381 0.256328 0.040081 0.049335
11 0.588440 0.255470 0.039500 0.047619
11 0.647401 0.256113 0.038339 0.048048
11 0.706070 0.256113 0.039500 0.051480
11 0.764159 0.255684 0.040081 0.048906
12 0.523962 0.329472 0.041243 0.050622
12 0.646529 0.328829 0.039500 0.048477
12 0.705489 0.327542 0.040662 0.048477
12 0.762852 0.327756 0.039791 0.047190
13 0.522945 0.400257 0.040953 0.049764
13 0.586407 0.401330 0.038920 0.047619
13 0.645948 0.400686 0.037758 0.047190
13 0.705054 0.398970 0.038629 0.047190
13 0.762126 0.398970 0.038339 0.047190
14 0.523090 0.472758 0.038920 0.047190
14 0.586407 0.472544 0.040081 0.047619
14 0.645658 0.472329 0.037758 0.045474
14 0.703747 0.471471 0.038920 0.045474
14 0.761400 0.471042 0.038048 0.045474
14 0.819924 0.470184 0.038339 0.046332
14 0.876416 0.469541 0.038629 0.046761
15 0.523090 0.543115 0.039500 0.048906
15 0.586552 0.542257 0.040372 0.048906
15 0.645658 0.542900 0.037177 0.045903
15 0.702730 0.542042 0.040372 0.049335
15 0.760383 0.542471 0.038339 0.048477
15 0.818617 0.541828 0.039210 0.048048
16 0.522945 0.615830 0.038629 0.047619
16 0.585681 0.616045 0.039210 0.047190
16 0.644932 0.614543 0.036306 0.047619
16 0.702585 0.612398 0.038339 0.049335
16 0.759802 0.613685 0.037758 0.047619
16 0.817456 0.613256 0.038048 0.047619
17 0.524107 0.686830 0.039210 0.047190
17 0.586552 0.687044 0.039210 0.047619
17 0.644932 0.687902 0.036886 0.050193
17 0.702295 0.685543 0.037177 0.047190
17 0.758641 0.685114 0.037758 0.048048
17 0.816149 0.683612 0.037758 0.046761
18 0.523816 0.756328 0.039210 0.045474
18 0.585536 0.755470 0.038339 0.045474
18 0.644351 0.754612 0.038048 0.046332
19 0.524252 0.825397 0.039500 0.046332
19 0.585536 0.824753 0.040081 0.045903
19 0.644206 0.823252 0.038339 0.046332
19 0.701423 0.823252 0.038920 0.044616
