0 0.879612 0.208305 0.052974 0.038520
1 0.802898 0.207678 0.056839 0.033461
2 0.724859 0.208551 0.051802 0.034447
3 0.648745 0.208944 0.047490 0.035234
4 0.574992 0.210162 0.046859 0.032343
5 0.502305 0.209030 0.052526 0.034644
6 0.425461 0.209167 0.048839 0.033397
7 0.352086 0.209954 0.050005 0.034971
8 0.277409 0.207682 0.048568 0.037273
9 0.204341 0.207516 0.052432 0.036942
10 0.872667 0.847607 0.053667 0.047440
10 0.873359 0.781455 0.055052 0.047505
10 0.874112 0.714812 0.052391 0.047349
10 0.874576 0.582016 0.053318 0.045736
10 0.875271 0.510590 0.053667 0.045903
11 0.792826 0.778005 0.052318 0.046691
11 0.791531 0.711411 0.048688 0.043591
11 0.793273 0.645314 0.052172 0.044526
11 0.794693 0.579500 0.051885 0.044507
11 0.794534 0.507219 0.052609 0.044488
12 0.714464 0.774500 0.049760 0.044245
12 0.713992 0.708701 0.045693 0.044256
12 0.716549 0.643163 0.047682 0.044028
12 0.719104 0.505888 0.051750 0.042587
13 0.638945 0.771523 0.047682 0.042857
13 0.639755 0.706276 0.049302 0.045493
13 0.640760 0.640521 0.048188 0.044070
13 0.643781 0.577651 0.044854 0.043853
13 0.644792 0.503766 0.046875 0.042906
14 0.562609 0.900388 0.056469 0.045736
14 0.561961 0.833526 0.047880 0.048186
14 0.563724 0.769618 0.046198 0.044370
14 0.563669 0.704175 0.045047 0.039768
14 0.564292 0.637921 0.048375 0.041153
14 0.568065 0.573965 0.048630 0.043328
14 0.568823 0.503393 0.043896 0.043682
15 0.486909 0.830799 0.048818 0.046535
15 0.489693 0.767189 0.053344 0.046360
15 0.489250 0.701259 0.048292 0.043066
15 0.490635 0.636164 0.043771 0.039159
15 0.494964 0.571955 0.045135 0.040829
15 0.495385 0.501824 0.045979 0.042826
16 0.408906 0.827394 0.048021 0.045812
16 0.411419 0.764072 0.046797 0.046972
16 0.414589 0.698013 0.044802 0.042659
16 0.416609 0.633553 0.045719 0.043066
16 0.417828 0.569325 0.045031 0.040133
16 0.419862 0.500614 0.049099 0.043450
17 0.337156 0.826008 0.046188 0.041518
17 0.339310 0.758889 0.046328 0.047258
17 0.343068 0.696725 0.042385 0.046930
17 0.345052 0.634367 0.043229 0.038608
17 0.345503 0.566776 0.043089 0.035036
17 0.348784 0.498300 0.045484 0.038821
18 0.270456 0.631407 0.044036 0.041818
18 0.272487 0.567083 0.049141 0.044017
18 0.275763 0.500595 0.045276 0.040369
19 0.192732 0.690863 0.040672 0.041293
19 0.197823 0.627921 0.044604 0.043975
19 0.196893 0.565407 0.048995 0.039905
19 0.201521 0.496632 0.049917 0.043092
20 0.114062 0.891754 0.113542 0.074873
