0 0.859615 0.234141 0.057642 0.034471
1 0.781387 0.235324 0.050345 0.032584
2 0.712915 0.233764 0.059350 0.033716
3 0.636572 0.234827 0.052614 0.033716
4 0.563448 0.234450 0.049110 0.032961
5 0.489491 0.235574 0.051957 0.033083
6 0.415617 0.235548 0.051764 0.035157
7 0.341937 0.236326 0.051957 0.033525
8 0.269675 0.235266 0.054988 0.034593
9 0.198260 0.234827 0.056504 0.034779
10 0.882518 0.816451 0.048917 0.039070
10 0.881155 0.757504 0.051002 0.038134
10 0.880726 0.698365 0.048540 0.040005
10 0.878705 0.578953 0.050914 0.035098
10 0.876856 0.515938 0.047217 0.035598
11 0.808079 0.756287 0.045990 0.038889
11 0.805914 0.697230 0.046472 0.036672
11 0.805914 0.637943 0.046472 0.037182
11 0.806552 0.577982 0.047747 0.038474
11 0.806464 0.514692 0.049174 0.042674
12 0.732342 0.756917 0.046881 0.040149
12 0.733905 0.695088 0.054820 0.037703
12 0.733103 0.636943 0.051612 0.041563
12 0.730734 0.514386 0.050080 0.037810
13 0.661139 0.756449 0.045613 0.037087
13 0.660285 0.695843 0.050321 0.038150
13 0.659643 0.636797 0.049038 0.037018
13 0.660329 0.579176 0.050409 0.038735
13 0.660004 0.512477 0.046552 0.037182
14 0.587971 0.876560 0.048436 0.039139
14 0.588881 0.815726 0.051860 0.038682
14 0.588091 0.755880 0.050281 0.039139
14 0.588617 0.697400 0.051331 0.040202
14 0.586564 0.636393 0.048829 0.039399
14 0.585617 0.578495 0.050144 0.039500
14 0.586038 0.512964 0.047779 0.039219
15 0.514796 0.816377 0.049639 0.037858
15 0.513376 0.756582 0.048404 0.039479
15 0.513208 0.694766 0.048067 0.035997
15 0.512879 0.637411 0.047410 0.039309
15 0.512715 0.576986 0.047081 0.036481
15 0.513865 0.512461 0.049383 0.041404
16 0.440333 0.815734 0.048268 0.038698
16 0.439350 0.755162 0.049511 0.037703
16 0.440706 0.696085 0.049014 0.039697
16 0.439186 0.637523 0.049182 0.038469
16 0.441087 0.577156 0.051379 0.038947
16 0.439623 0.512876 0.051660 0.037980
17 0.366091 0.814192 0.048941 0.039867
17 0.365958 0.755532 0.050281 0.039506
17 0.366840 0.695526 0.048837 0.039644
17 0.366576 0.637384 0.051516 0.039256
17 0.365750 0.577658 0.049864 0.041015
17 0.365124 0.511023 0.051820 0.037464
18 0.291764 0.635476 0.047843 0.039692
18 0.291732 0.577007 0.050986 0.037586
18 0.292081 0.511746 0.051684 0.039973
19 0.219880 0.696260 0.048420 0.041111
19 0.219278 0.635787 0.052029 0.040314
19 0.219479 0.577344 0.050826 0.041451
19 0.218877 0.509415 0.054435 0.036374
20 0.147285 0.883546 0.102109 0.069059
