0 0.250585 0.155444 0.033167 0.048340
1 0.251060 0.225150 0.032825 0.046824
2 0.250588 0.296047 0.034467 0.043832
3 0.251810 0.367273 0.031739 0.045357
4 0.251710 0.436805 0.031538 0.045425
5 0.251868 0.506713 0.031855 0.046245
6 0.251112 0.577708 0.032928 0.047307
7 0.251858 0.648692 0.033129 0.046419
8 0.250915 0.718576 0.032534 0.047191
9 0.251341 0.789624 0.032094 0.046429
10 0.521193 0.135309 0.040446 0.044749
10 0.584615 0.132457 0.039302 0.046766
10 0.698167 0.129701 0.036283 0.045116
10 0.755850 0.128692 0.037880 0.046959
10 0.814189 0.128851 0.038203 0.045347
11 0.521335 0.203485 0.040730 0.047896
11 0.584063 0.203127 0.038197 0.047181
11 0.641186 0.202360 0.037382 0.043716
11 0.698924 0.201496 0.039089 0.043919
11 0.755908 0.200285 0.037996 0.047288
12 0.521118 0.273818 0.040297 0.047635
12 0.640714 0.273542 0.037731 0.047085
12 0.698704 0.271202 0.038649 0.046264
12 0.756057 0.270922 0.037001 0.047635
13 0.520281 0.342534 0.037330 0.046071
13 0.583717 0.343634 0.037505 0.048272
13 0.641073 0.342857 0.037156 0.046718
13 0.699072 0.341559 0.035507 0.044122
13 0.756613 0.341617 0.038112 0.042307
14 0.520304 0.413195 0.036083 0.046467
14 0.583116 0.412968 0.036303 0.044083
14 0.641196 0.412210 0.037401 0.044498
14 0.698258 0.412128 0.036464 0.044334
14 0.756228 0.412022 0.037343 0.046052
14 0.813646 0.410685 0.039703 0.045309
14 0.871920 0.408798 0.038604 0.045396
15 0.519515 0.481800 0.038384 0.046612
15 0.583361 0.482210 0.039379 0.045502
15 0.640107 0.482051 0.037809 0.047114
15 0.698723 0.481800 0.037395 0.046612
15 0.755889 0.483113 0.040543 0.045376
15 0.814131 0.480714 0.039379 0.046371
16 0.520275 0.555241 0.038610 0.046776
16 0.582948 0.554527 0.038552 0.047278
16 0.640621 0.553731 0.038836 0.047616
16 0.697838 0.553861 0.039502 0.045946
16 0.755343 0.552809 0.039451 0.045772
16 0.813801 0.552476 0.038720 0.045106
17 0.519686 0.624817 0.038727 0.046931
17 0.583206 0.626940 0.039069 0.045386
17 0.640478 0.625396 0.038552 0.048089
17 0.697576 0.624624 0.037686 0.046544
17 0.755452 0.623079 0.038378 0.047317
17 0.813979 0.622563 0.040368 0.046284
18 0.518251 0.697027 0.038442 0.046564
18 0.582527 0.695304 0.037712 0.046979
18 0.640886 0.696824 0.038074 0.046158
19 0.518552 0.768036 0.037750 0.047654
19 0.582056 0.766742 0.038061 0.046998
19 0.639825 0.766245 0.037246 0.047934
19 0.697608 0.766182 0.037750 0.045878
20 0.884292 0.834889 0.049127 0.082905
