0 0.804962 0.215706 0.049625 0.035388
1 0.660415 0.216302 0.047894 0.034195
2 0.514426 0.214911 0.047894 0.034592
3 0.444316 0.214513 0.048471 0.034592
4 0.371898 0.212326 0.049048 0.035785
5 0.298904 0.212127 0.049625 0.035388
6 0.226774 0.212326 0.049625 0.034990
7 0.154934 0.211730 0.050202 0.034592
10 0.811021 0.811928 0.047894 0.039761
10 0.811310 0.751690 0.048471 0.040159
10 0.811021 0.692644 0.049048 0.039761
10 0.811021 0.573757 0.050202 0.040557
10 0.811021 0.508549 0.049048 0.039761
11 0.738604 0.750696 0.048471 0.039761
11 0.738604 0.692445 0.048471 0.039364
11 0.738604 0.633002 0.048471 0.039761
11 0.738604 0.572565 0.048471 0.039761
11 0.738604 0.506759 0.048471 0.038569
12 0.666763 0.750696 0.047894 0.039761
12 0.666763 0.691451 0.047894 0.038966
12 0.666763 0.632207 0.047894 0.038966
12 0.667628 0.507157 0.048471 0.039364
13 0.595211 0.749702 0.049048 0.040159
13 0.595211 0.691252 0.049048 0.038569
13 0.594922 0.632008 0.049625 0.039364
13 0.595211 0.571769 0.050202 0.039761
13 0.596365 0.506163 0.047894 0.039761
14 0.524235 0.869583 0.049048 0.038966
14 0.522793 0.809940 0.049625 0.038966
14 0.523081 0.749702 0.049048 0.038569
14 0.523658 0.690060 0.047894 0.039364
14 0.523370 0.630219 0.047317 0.038171
14 0.523370 0.570577 0.048471 0.039761
14 0.523658 0.505169 0.047894 0.040954
15 0.452395 0.810338 0.049625 0.040557
15 0.452683 0.749304 0.049048 0.039364
15 0.451529 0.689463 0.047894 0.039761
15 0.452106 0.630417 0.047894 0.038569
15 0.453260 0.570775 0.049048 0.040159
15 0.453837 0.504970 0.049048 0.041352
16 0.378246 0.809145 0.047894 0.039761
16 0.378534 0.748509 0.048471 0.039364
16 0.379400 0.689463 0.049048 0.039761
16 0.379400 0.630219 0.049048 0.038171
16 0.380554 0.569980 0.049048 0.040159
16 0.379688 0.504175 0.049625 0.041352
17 0.305828 0.808748 0.047317 0.039761
17 0.306117 0.748111 0.047894 0.038569
17 0.306982 0.689264 0.048471 0.040159
17 0.307271 0.629821 0.049048 0.038966
17 0.307559 0.569384 0.049625 0.039761
17 0.307848 0.504175 0.047894 0.038966
18 0.234853 0.629622 0.047317 0.040159
18 0.234853 0.569384 0.049625 0.038966
18 0.235141 0.503579 0.049048 0.040159
19 0.162724 0.688270 0.048471 0.038966
19 0.163012 0.629026 0.050202 0.038171
19 0.163301 0.569185 0.049625 0.040159
19 0.163301 0.503380 0.049625 0.039761
20 0.093768 0.875547 0.090594 0.062823
