0 0.241108 0.185918 0.036152 0.047755
1 0.240525 0.260204 0.036152 0.051020
2 0.239942 0.332857 0.036735 0.048571
3 0.239650 0.406122 0.036152 0.047347
4 0.238484 0.478571 0.036735 0.048571
5 0.238338 0.550408 0.036443 0.049388
6 0.238484 0.622449 0.035569 0.048980
7 0.238192 0.694082 0.035569 0.049388
8 0.237901 0.763469 0.034985 0.048571
9 0.237464 0.835510 0.035860 0.048163
10 0.539796 0.197959 0.042857 0.048163
10 0.605831 0.201633 0.039067 0.047347
10 0.719679 0.210000 0.037609 0.047755
10 0.774636 0.212653 0.037901 0.045714
10 0.829738 0.215918 0.036735 0.045714
11 0.540087 0.268163 0.039942 0.048163
11 0.604665 0.273265 0.037318 0.050204
11 0.662245 0.276327 0.038776 0.047347
11 0.718222 0.278571 0.036443 0.046939
11 0.773178 0.281224 0.037901 0.047347
12 0.537464 0.339388 0.042857 0.044490
12 0.660933 0.344490 0.039067 0.045714
12 0.716035 0.345918 0.037318 0.045306
12 0.771720 0.348980 0.037318 0.045714
13 0.537901 0.407551 0.039650 0.045306
13 0.602041 0.408980 0.037901 0.046531
13 0.659475 0.412245 0.038484 0.046531
13 0.714723 0.413265 0.036443 0.044490
13 0.770408 0.415714 0.037609 0.044490
14 0.537026 0.476327 0.036152 0.046531
14 0.600729 0.478163 0.037609 0.045306
14 0.657872 0.479388 0.038776 0.045306
14 0.713265 0.480612 0.036443 0.044490
14 0.769388 0.481633 0.036735 0.042449
14 0.824198 0.483469 0.038484 0.043673
14 0.876239 0.484694 0.035277 0.043673
15 0.534840 0.543265 0.037609 0.048163
15 0.599125 0.546122 0.037901 0.048163
15 0.657095 0.548094 0.034306 0.045576
15 0.712099 0.549184 0.037609 0.046939
15 0.767638 0.548776 0.037318 0.046122
15 0.821866 0.548776 0.036735 0.045306
16 0.535761 0.613988 0.041201 0.050016
16 0.597959 0.614898 0.037318 0.046122
16 0.655102 0.615102 0.037901 0.044898
16 0.711370 0.616122 0.038484 0.043673
16 0.765743 0.616327 0.036443 0.043265
16 0.820117 0.617551 0.036152 0.044082
17 0.533819 0.682245 0.039067 0.046939
17 0.597522 0.684694 0.038192 0.049388
17 0.654373 0.684286 0.037609 0.046122
17 0.710204 0.685714 0.036735 0.048980
17 0.764140 0.684082 0.036152 0.044898
17 0.818513 0.682857 0.034694 0.043265
18 0.532507 0.748571 0.038192 0.045714
18 0.596064 0.750408 0.037026 0.046939
18 0.653644 0.749592 0.036735 0.042857
19 0.531633 0.817755 0.038776 0.047755
19 0.595627 0.816939 0.038484 0.046122
19 0.652041 0.816327 0.037026 0.044898
19 0.707726 0.815102 0.038192 0.045714
20 0.878717 0.873653 0.055394 0.082000
