0 0.809946 0.205915 0.050000 0.034750
1 0.735215 0.206654 0.051075 0.036229
2 0.661559 0.208688 0.048925 0.036599
3 0.587903 0.211091 0.045699 0.036229
4 0.516129 0.211275 0.048387 0.035860
5 0.445430 0.212754 0.046774 0.034381
6 0.374462 0.213309 0.048925 0.034011
7 0.304570 0.214787 0.048925 0.034011
8 0.235753 0.214418 0.051075 0.034750
9 0.163710 0.215342 0.050000 0.034381
10 0.821505 0.805360 0.049462 0.041035
10 0.821237 0.744547 0.048925 0.040665
10 0.820699 0.685397 0.048925 0.039926
10 0.819624 0.564510 0.050000 0.042884
10 0.818011 0.500185 0.052151 0.039187
11 0.747581 0.744177 0.048925 0.040665
11 0.746505 0.684473 0.047849 0.039556
11 0.745968 0.624769 0.046774 0.039187
11 0.745161 0.564510 0.048387 0.039926
11 0.744892 0.499076 0.048925 0.040665
12 0.673656 0.742884 0.048387 0.040296
12 0.673118 0.683364 0.048387 0.038078
12 0.672581 0.624030 0.047312 0.039187
12 0.671505 0.499630 0.048387 0.039556
13 0.602688 0.742329 0.046237 0.039187
13 0.602151 0.682994 0.047312 0.038817
13 0.601075 0.623475 0.046237 0.039556
13 0.600269 0.563956 0.047849 0.039556
13 0.600269 0.499445 0.047849 0.038447
14 0.530914 0.860813 0.047849 0.038817
14 0.530645 0.801294 0.047312 0.039556
14 0.530376 0.742144 0.046774 0.038817
14 0.529839 0.682070 0.046774 0.039187
14 0.529839 0.623105 0.046774 0.039556
14 0.529570 0.564140 0.048387 0.039926
14 0.529032 0.498891 0.047312 0.038817
15 0.459140 0.801294 0.046237 0.040296
15 0.459409 0.740111 0.047849 0.039187
15 0.459140 0.681701 0.048387 0.039187
15 0.459140 0.623105 0.047312 0.038817
15 0.459140 0.563956 0.048387 0.038817
15 0.459140 0.500000 0.050538 0.038078
16 0.387785 0.801477 0.050839 0.042880
16 0.387097 0.739556 0.049462 0.036599
16 0.386559 0.681701 0.054839 0.036969
16 0.386022 0.623660 0.054839 0.036229
16 0.385484 0.564140 0.055914 0.037708
16 0.385753 0.500000 0.051075 0.038078
17 0.315054 0.800000 0.048387 0.037708
17 0.314516 0.739926 0.049462 0.038078
17 0.313441 0.681701 0.050538 0.037708
17 0.312903 0.623475 0.050538 0.037338
17 0.313172 0.563771 0.050000 0.037708
17 0.314247 0.500370 0.047849 0.037338
18 0.245430 0.622921 0.045699 0.039187
18 0.244355 0.563401 0.046774 0.037708
18 0.245161 0.500739 0.046237 0.037338
19 0.175538 0.680037 0.048925 0.038817
19 0.175806 0.622181 0.048387 0.037708
19 0.175806 0.563401 0.046237 0.038447
19 0.175269 0.499815 0.048387 0.036969
20 0.111828 0.865983 0.081720 0.063945
