0 0.814893 0.220352 0.049292 0.036663
1 0.741741 0.221474 0.049816 0.035915
2 0.669376 0.223345 0.048768 0.036663
3 0.598584 0.224841 0.047719 0.035915
4 0.527530 0.225589 0.049292 0.036663
5 0.456476 0.228021 0.046670 0.035541
6 0.386209 0.228769 0.047719 0.034792
7 0.315679 0.230640 0.048243 0.035541
8 0.245412 0.232510 0.048243 0.038533
9 0.173833 0.232510 0.047719 0.038533
10 0.828002 0.813505 0.046146 0.039282
10 0.826691 0.755331 0.045621 0.038159
10 0.826167 0.698092 0.045621 0.040404
10 0.825118 0.582117 0.047719 0.041152
10 0.825118 0.517209 0.046670 0.040778
11 0.757735 0.756079 0.045097 0.038159
11 0.756686 0.699214 0.046146 0.038159
11 0.755113 0.640853 0.045097 0.038908
11 0.754851 0.582866 0.047719 0.039656
11 0.754326 0.517396 0.047719 0.040404
12 0.689040 0.756453 0.045097 0.038908
12 0.688778 0.699214 0.046670 0.038159
12 0.687467 0.640479 0.048243 0.038159
12 0.684059 0.517583 0.046670 0.043023
13 0.621919 0.757202 0.044048 0.038159
13 0.621133 0.699588 0.045621 0.037411
13 0.619297 0.641975 0.046146 0.038159
13 0.617724 0.583614 0.047195 0.038908
13 0.616938 0.518519 0.047719 0.039656
14 0.556109 0.871680 0.045621 0.038159
14 0.555322 0.814815 0.045097 0.038159
14 0.553749 0.757763 0.044048 0.037785
14 0.551914 0.699963 0.044573 0.038159
14 0.550603 0.642162 0.045097 0.038533
14 0.549030 0.583988 0.046146 0.038159
14 0.547195 0.519828 0.045621 0.039282
15 0.487153 0.816311 0.045097 0.039656
15 0.486104 0.758511 0.040902 0.037037
15 0.483744 0.701272 0.045621 0.039282
15 0.482433 0.643659 0.045097 0.037785
15 0.481647 0.585484 0.044573 0.038159
15 0.479811 0.520950 0.047195 0.038533
16 0.418721 0.816872 0.045621 0.038533
16 0.417147 0.758885 0.045621 0.037785
16 0.415574 0.702207 0.046670 0.037411
16 0.414001 0.645155 0.046670 0.037785
16 0.412166 0.586046 0.048243 0.037785
16 0.408233 0.521886 0.052963 0.037411
17 0.351599 0.817247 0.044573 0.036289
17 0.349240 0.759820 0.045097 0.038908
17 0.346880 0.702394 0.045621 0.038533
17 0.345831 0.646091 0.045621 0.037411
17 0.343209 0.586794 0.046670 0.038533
17 0.339014 0.522821 0.047719 0.038533
18 0.276350 0.646839 0.046146 0.037411
18 0.274777 0.588477 0.047195 0.036663
18 0.270320 0.523756 0.047719 0.038159
19 0.210278 0.704452 0.047195 0.038908
19 0.208443 0.648148 0.046670 0.038533
19 0.206607 0.589226 0.048243 0.038159
19 0.201626 0.524504 0.047719 0.038908
20 0.154431 0.882714 0.076036 0.065466
