0 0.830890 0.221937 0.051574 0.033749
1 0.757600 0.221020 0.050489 0.032649
2 0.686211 0.220470 0.048860 0.032282
3 0.616721 0.220286 0.049946 0.031915
4 0.542617 0.219186 0.050489 0.033382
5 0.470955 0.218085 0.047231 0.033382
6 0.398751 0.217168 0.048317 0.035950
7 0.326819 0.217351 0.049946 0.033382
8 0.255429 0.217902 0.049403 0.033015
9 0.184039 0.216801 0.051031 0.032282
10 0.821118 0.802458 0.047231 0.039985
10 0.822747 0.743947 0.047231 0.039618
10 0.824104 0.686354 0.047774 0.038885
10 0.826819 0.572450 0.048860 0.040719
10 0.828990 0.507520 0.047774 0.039985
11 0.751629 0.743213 0.048317 0.038885
11 0.752172 0.685987 0.046145 0.038885
11 0.752986 0.628944 0.046688 0.037784
11 0.754615 0.570066 0.046688 0.038151
11 0.756243 0.506970 0.047774 0.038885
12 0.679696 0.742480 0.046688 0.038885
12 0.680510 0.683969 0.047231 0.036317
12 0.681868 0.626926 0.048860 0.038151
12 0.685396 0.507337 0.048317 0.038151
13 0.609663 0.740646 0.046688 0.038885
13 0.610749 0.683419 0.047774 0.037417
13 0.611292 0.626009 0.047774 0.037784
13 0.612649 0.567682 0.052660 0.036317
13 0.614007 0.505136 0.051031 0.036684
14 0.535288 0.855099 0.047774 0.037417
14 0.537188 0.797139 0.047231 0.036684
14 0.538274 0.739912 0.046145 0.038151
14 0.539631 0.682318 0.045603 0.036684
14 0.541802 0.624908 0.044517 0.037784
14 0.542617 0.567498 0.047231 0.038151
14 0.543431 0.504585 0.047774 0.037784
15 0.466069 0.797506 0.046145 0.040352
15 0.467427 0.738628 0.044517 0.039252
15 0.469327 0.681218 0.047231 0.039618
15 0.470141 0.624175 0.046688 0.038518
15 0.470955 0.566214 0.047231 0.038518
15 0.472584 0.503302 0.047231 0.039618
16 0.394680 0.796588 0.046688 0.038518
16 0.395765 0.737711 0.047774 0.038151
16 0.397394 0.681034 0.047774 0.037784
16 0.398480 0.623991 0.047774 0.038151
16 0.400109 0.566581 0.047774 0.037784
16 0.401466 0.503118 0.047231 0.039985
17 0.324919 0.794754 0.046145 0.037784
17 0.325733 0.737711 0.046688 0.038151
17 0.326004 0.680851 0.046145 0.038151
17 0.327090 0.623624 0.046145 0.037417
17 0.328719 0.565481 0.046145 0.036317
17 0.330076 0.502935 0.046688 0.037417
18 0.256243 0.622891 0.045603 0.036684
18 0.257329 0.565114 0.046688 0.037784
18 0.258958 0.501651 0.047774 0.038518
19 0.185396 0.679017 0.048317 0.037417
19 0.187025 0.621790 0.048317 0.038151
19 0.188654 0.564197 0.048317 0.038151
19 0.188654 0.501467 0.048317 0.038151
20 0.119978 0.856742 0.089034 0.059780
