0 0.815476 0.234812 0.047619 0.036526
1 0.744318 0.235371 0.047078 0.036899
2 0.674784 0.233880 0.046537 0.036899
3 0.606061 0.233507 0.044372 0.036154
4 0.535173 0.232948 0.046537 0.035781
5 0.465909 0.232762 0.047619 0.035408
6 0.395022 0.231085 0.046537 0.035781
7 0.323864 0.231271 0.047078 0.034663
8 0.250812 0.229594 0.048160 0.037272
9 0.178571 0.228848 0.045455 0.035035
10 0.832251 0.811219 0.046537 0.039881
10 0.831169 0.751584 0.045455 0.038390
10 0.830087 0.694931 0.045455 0.039881
10 0.827110 0.579389 0.045996 0.039135
10 0.826569 0.515840 0.043831 0.039508
11 0.762716 0.753448 0.043831 0.041372
11 0.760823 0.696236 0.045455 0.038763
11 0.759199 0.638278 0.044372 0.038390
11 0.758387 0.580134 0.045996 0.039881
11 0.757035 0.515654 0.046537 0.040626
12 0.693182 0.754566 0.045455 0.039135
12 0.692100 0.697167 0.046537 0.039135
12 0.690747 0.639023 0.047078 0.039135
12 0.688582 0.517145 0.045996 0.041372
13 0.625271 0.756616 0.043831 0.038763
13 0.623918 0.698286 0.045455 0.037644
13 0.622294 0.640328 0.045455 0.040253
13 0.621212 0.580693 0.046537 0.038763
13 0.620400 0.517890 0.045996 0.039135
14 0.557089 0.875699 0.047078 0.039135
14 0.556277 0.816250 0.046537 0.039508
14 0.555465 0.757920 0.044913 0.038390
14 0.553571 0.699404 0.046537 0.037644
14 0.553030 0.640142 0.046537 0.039135
14 0.551948 0.581811 0.046537 0.038763
14 0.550866 0.517518 0.046537 0.039881
15 0.486201 0.819046 0.047078 0.042117
15 0.485390 0.759225 0.045455 0.040999
15 0.484307 0.700522 0.047619 0.040626
15 0.482684 0.641073 0.046537 0.038017
15 0.482413 0.582557 0.045996 0.038763
15 0.482413 0.519195 0.047078 0.038763
16 0.414773 0.821096 0.047078 0.040999
16 0.413961 0.761088 0.047619 0.039508
16 0.413420 0.700895 0.048701 0.038390
16 0.412879 0.642751 0.048701 0.037644
16 0.412338 0.583675 0.049784 0.038017
16 0.407738 0.517890 0.053571 0.041372
17 0.343344 0.822587 0.047078 0.040253
17 0.342262 0.762020 0.050325 0.040626
17 0.341450 0.702385 0.050866 0.039135
17 0.340368 0.643869 0.050866 0.038390
17 0.341180 0.584793 0.050325 0.038017
17 0.337392 0.519009 0.045996 0.039135
18 0.269210 0.644801 0.047078 0.038017
18 0.269873 0.584642 0.050568 0.039206
18 0.267587 0.519568 0.047078 0.040253
19 0.198323 0.705181 0.049242 0.040253
19 0.197511 0.645546 0.049784 0.038763
19 0.196970 0.585539 0.047619 0.039508
19 0.195617 0.519754 0.048160 0.040626
20 0.131223 0.899896 0.089286 0.058457
