0 0.853365 0.240349 0.055021 0.032294
1 0.778579 0.241463 0.051816 0.031552
2 0.706464 0.240906 0.052885 0.031180
3 0.635417 0.241277 0.052885 0.030438
4 0.562767 0.240906 0.051816 0.030438
5 0.489049 0.241277 0.051816 0.030438
6 0.416132 0.241091 0.051282 0.029324
7 0.343216 0.240349 0.052885 0.030067
8 0.267628 0.240349 0.052350 0.030809
9 0.194444 0.240163 0.054487 0.031180
10 0.841880 0.822754 0.045940 0.038233
10 0.843216 0.766889 0.045406 0.037862
10 0.844818 0.711024 0.046474 0.037491
10 0.847489 0.597810 0.046474 0.038233
10 0.849092 0.534336 0.047543 0.039718
11 0.774306 0.767817 0.045406 0.038976
11 0.775107 0.711581 0.044872 0.037120
11 0.776442 0.655531 0.045406 0.037862
11 0.778312 0.597810 0.047009 0.038233
11 0.779113 0.534707 0.047543 0.038976
12 0.705929 0.767632 0.045406 0.037862
12 0.707532 0.711210 0.048611 0.037120
12 0.707532 0.655345 0.048611 0.038233
12 0.708868 0.535078 0.048077 0.038976
13 0.637553 0.768560 0.045406 0.038233
13 0.638622 0.711952 0.045406 0.035635
13 0.638622 0.656459 0.047543 0.037491
13 0.639690 0.598367 0.048611 0.037862
13 0.639957 0.534892 0.049145 0.037862
14 0.567308 0.879918 0.047009 0.036006
14 0.568910 0.824796 0.047009 0.036377
14 0.568376 0.768745 0.047009 0.036377
14 0.569712 0.712324 0.047543 0.037862
14 0.569712 0.656273 0.046474 0.037120
14 0.569712 0.598367 0.045406 0.037862
14 0.569444 0.535820 0.047009 0.037491
15 0.500000 0.825909 0.045940 0.038604
15 0.500267 0.770230 0.044338 0.037120
15 0.500801 0.713437 0.046474 0.038604
15 0.500534 0.657016 0.047009 0.037120
15 0.500534 0.598181 0.048077 0.037491
15 0.500534 0.535635 0.048077 0.037862
16 0.430556 0.827209 0.045940 0.038233
16 0.429754 0.770973 0.046474 0.037862
16 0.430021 0.714365 0.047009 0.038976
16 0.429487 0.657572 0.047009 0.038976
16 0.427618 0.599295 0.047543 0.038233
16 0.427618 0.535635 0.047543 0.038604
17 0.360310 0.827765 0.045406 0.037120
17 0.359509 0.771158 0.045940 0.038233
17 0.358974 0.715293 0.045940 0.037862
17 0.358173 0.658500 0.046474 0.037120
17 0.356838 0.600408 0.048077 0.038233
17 0.356838 0.536748 0.047009 0.039347
18 0.287660 0.659614 0.045406 0.037862
18 0.285791 0.600223 0.045940 0.037862
18 0.285524 0.536748 0.046474 0.038604
19 0.218750 0.716221 0.048611 0.038233
19 0.217147 0.659057 0.048611 0.037491
19 0.215278 0.601522 0.047009 0.038976
19 0.213942 0.537862 0.048611 0.037120
20 0.158654 0.891980 0.084402 0.066811
