0 0.239993 0.173152 0.034888 0.048360
1 0.237606 0.245136 0.033786 0.048916
2 0.236137 0.316565 0.032317 0.049472
3 0.235769 0.389105 0.033052 0.051140
4 0.233566 0.461367 0.034521 0.055586
5 0.231362 0.534742 0.034521 0.052251
6 0.228975 0.608116 0.034888 0.054475
7 0.227139 0.683435 0.034888 0.052807
8 0.224201 0.759589 0.035622 0.051695
9 0.222549 0.833519 0.036724 0.053919
10 0.522769 0.177599 0.039295 0.049472
10 0.585384 0.180378 0.038193 0.048360
10 0.698311 0.185659 0.037826 0.047804
10 0.754866 0.187604 0.039295 0.047248
10 0.811238 0.189550 0.037459 0.046693
11 0.522769 0.249027 0.040029 0.050028
11 0.584833 0.252362 0.037826 0.048916
11 0.642306 0.254030 0.038193 0.046693
11 0.698678 0.255420 0.036357 0.047248
11 0.755050 0.257087 0.039662 0.047248
12 0.521667 0.321012 0.037826 0.048360
12 0.641755 0.323791 0.037826 0.047248
12 0.698678 0.326014 0.037826 0.046137
12 0.755417 0.327960 0.038928 0.047804
13 0.520933 0.390495 0.038560 0.048360
13 0.584098 0.392440 0.037091 0.047804
13 0.641755 0.393552 0.038560 0.047804
13 0.699229 0.395775 0.036724 0.046693
13 0.755600 0.396609 0.038560 0.046137
14 0.520749 0.461645 0.038928 0.048360
14 0.584466 0.463591 0.036357 0.047804
14 0.641205 0.464981 0.037459 0.047248
14 0.699780 0.466648 0.036357 0.047248
14 0.756519 0.468038 0.038193 0.046693
14 0.813992 0.468872 0.038560 0.046137
14 0.871465 0.470539 0.038193 0.046137
15 0.519831 0.533908 0.039295 0.048360
15 0.583548 0.535297 0.038193 0.047804
15 0.641939 0.536687 0.038193 0.048360
15 0.699780 0.538077 0.037826 0.048916
15 0.756702 0.539466 0.038560 0.048360
15 0.815277 0.540022 0.038928 0.048360
16 0.517995 0.607560 0.042233 0.048916
16 0.582629 0.608394 0.038560 0.048360
16 0.641388 0.610061 0.038560 0.048360
16 0.699412 0.611173 0.038560 0.048360
16 0.756519 0.612840 0.038193 0.048360
16 0.816012 0.615064 0.040397 0.048360
17 0.516526 0.680100 0.042967 0.048360
17 0.582262 0.682046 0.037826 0.052251
17 0.641755 0.683713 0.038560 0.051140
17 0.699045 0.684547 0.040029 0.048360
17 0.757437 0.685937 0.039295 0.050028
17 0.816563 0.687048 0.038560 0.047804
18 0.516159 0.752918 0.041498 0.048360
18 0.582446 0.755142 0.038193 0.048360
18 0.641572 0.755420 0.038928 0.048916
19 0.517628 0.826848 0.040029 0.050584
19 0.582446 0.827682 0.039662 0.051140
19 0.641755 0.829072 0.039295 0.050584
19 0.700514 0.831573 0.040764 0.051140
20 0.891113 0.906059 0.050312 0.075598
