0 0.817441 0.238997 0.050889 0.033777
1 0.747036 0.239338 0.050395 0.033095
2 0.675889 0.239168 0.049407 0.032071
3 0.604743 0.239338 0.052372 0.032412
4 0.533844 0.240020 0.052866 0.031047
5 0.463439 0.239509 0.051383 0.032071
6 0.392292 0.238997 0.051383 0.030365
7 0.319417 0.239168 0.052866 0.030706
8 0.247530 0.238656 0.050395 0.031730
9 0.176136 0.238656 0.051877 0.030365
10 0.828557 0.819345 0.046443 0.039236
10 0.828063 0.761344 0.045455 0.039236
10 0.827322 0.704367 0.045949 0.038553
10 0.826828 0.589730 0.045949 0.039236
10 0.827075 0.525930 0.045455 0.041283
11 0.758152 0.762368 0.044960 0.038553
11 0.757411 0.704708 0.045455 0.038553
11 0.756917 0.648755 0.044466 0.038553
11 0.756670 0.590242 0.046937 0.038895
11 0.755929 0.526783 0.046443 0.040942
12 0.689476 0.762538 0.045949 0.039577
12 0.688982 0.704879 0.047925 0.036847
12 0.688241 0.648414 0.047431 0.037871
12 0.687006 0.526953 0.046937 0.039918
13 0.621789 0.763562 0.045949 0.037530
13 0.620059 0.706073 0.045455 0.037871
13 0.619318 0.649608 0.045949 0.037530
13 0.618577 0.590413 0.045455 0.037871
13 0.619318 0.526783 0.047925 0.039577
14 0.553607 0.880075 0.047925 0.039236
14 0.553360 0.822245 0.047431 0.038212
14 0.552372 0.764756 0.045455 0.037189
14 0.550395 0.706585 0.044466 0.037530
14 0.549901 0.649778 0.046443 0.037189
14 0.549160 0.591948 0.046937 0.038895
14 0.547925 0.528489 0.045455 0.039577
15 0.482213 0.824633 0.043478 0.039577
15 0.481966 0.764585 0.044960 0.038895
15 0.481225 0.708632 0.046443 0.039577
15 0.481966 0.650972 0.045949 0.038895
15 0.480731 0.591607 0.047431 0.039577
15 0.481472 0.529000 0.046937 0.038553
16 0.413043 0.825827 0.046443 0.039236
16 0.412549 0.766974 0.048419 0.036165
16 0.412549 0.709485 0.049407 0.039236
16 0.412055 0.651484 0.050395 0.036506
16 0.410326 0.592631 0.052866 0.037530
16 0.410820 0.529512 0.049901 0.039577
17 0.343132 0.826510 0.046937 0.039236
17 0.342144 0.766803 0.049901 0.038553
17 0.340415 0.709997 0.053360 0.037530
17 0.339921 0.653190 0.052372 0.037871
17 0.337204 0.594678 0.051877 0.040259
17 0.337451 0.530024 0.047431 0.039918
18 0.270010 0.653872 0.045949 0.037871
18 0.267540 0.595189 0.047925 0.040600
18 0.266798 0.530024 0.046443 0.039918
19 0.200346 0.711532 0.047925 0.038553
19 0.199358 0.654214 0.047925 0.038553
19 0.198370 0.594848 0.047925 0.038553
19 0.196887 0.531047 0.046937 0.038553
20 0.137105 0.896622 0.079545 0.067554
