0 0.813731 0.225497 0.046833 0.034358
1 0.738691 0.225497 0.050027 0.033635
2 0.665780 0.226040 0.048962 0.035443
3 0.593135 0.226221 0.047366 0.034358
4 0.521022 0.225678 0.050027 0.033996
5 0.447578 0.227306 0.045769 0.033635
6 0.374933 0.226944 0.048430 0.033635
7 0.304417 0.227125 0.047898 0.033996
8 0.231506 0.227486 0.048962 0.034720
9 0.157265 0.226944 0.047366 0.032911
10 0.831825 0.811754 0.047898 0.040145
10 0.833156 0.753526 0.047366 0.038698
10 0.833688 0.696203 0.047366 0.039060
10 0.834486 0.580651 0.048962 0.038698
10 0.835019 0.516456 0.047898 0.040506
11 0.761043 0.754430 0.046833 0.042676
11 0.760777 0.696383 0.047366 0.037975
11 0.761575 0.638879 0.046833 0.037251
11 0.761575 0.580651 0.047898 0.040145
11 0.762108 0.516094 0.050027 0.040506
12 0.689462 0.753345 0.046301 0.038336
12 0.689995 0.696383 0.047366 0.038698
12 0.689729 0.637613 0.047898 0.038336
12 0.689729 0.515371 0.046833 0.042676
13 0.619478 0.752984 0.046833 0.037613
13 0.620011 0.695660 0.047898 0.037251
13 0.619478 0.637432 0.045769 0.037975
13 0.619745 0.579385 0.046301 0.037613
13 0.620277 0.516275 0.048430 0.038698
14 0.548430 0.867993 0.048430 0.039060
14 0.548696 0.810850 0.047898 0.037613
14 0.548696 0.753526 0.046833 0.038698
14 0.548430 0.695298 0.047366 0.036528
14 0.548430 0.637432 0.047366 0.039421
14 0.548696 0.579204 0.047898 0.037975
14 0.548696 0.516275 0.048962 0.037975
15 0.478446 0.811392 0.047898 0.038698
15 0.477382 0.752260 0.046833 0.036890
15 0.477382 0.694937 0.046833 0.037975
15 0.477115 0.637071 0.048430 0.037975
15 0.477382 0.578481 0.048962 0.037975
15 0.479510 0.516456 0.047898 0.037613
16 0.407131 0.810850 0.047898 0.039060
16 0.406865 0.752260 0.048430 0.038336
16 0.405801 0.695479 0.048430 0.037613
16 0.404470 0.637794 0.050027 0.037975
16 0.403406 0.579204 0.048962 0.037975
16 0.405535 0.515732 0.047898 0.040506
17 0.335019 0.810669 0.047366 0.037975
17 0.335285 0.752441 0.046833 0.037251
17 0.335019 0.695660 0.046301 0.037975
17 0.333954 0.637794 0.047366 0.037975
17 0.333156 0.579204 0.047898 0.037975
17 0.333156 0.516094 0.047898 0.039060
18 0.263172 0.638517 0.047366 0.037975
18 0.262374 0.579204 0.046833 0.037251
18 0.262374 0.516275 0.046833 0.038698
19 0.193188 0.695841 0.047898 0.038336
19 0.192390 0.637432 0.047366 0.037251
19 0.192123 0.579566 0.046833 0.037975
19 0.192123 0.516637 0.047898 0.037251
20 0.128526 0.872693 0.085684 0.065819
