0 0.820563 0.223158 0.054648 0.033307
1 0.746197 0.223550 0.052394 0.033307
2 0.674648 0.223746 0.049014 0.033699
3 0.602817 0.223550 0.048451 0.033307
4 0.533239 0.224138 0.051268 0.033699
5 0.462817 0.224726 0.050141 0.034091
6 0.390986 0.224530 0.049577 0.033699
7 0.320845 0.225313 0.051268 0.033699
8 0.246369 0.225705 0.046541 0.034483
9 0.174366 0.225313 0.050141 0.034483
10 0.826761 0.808777 0.046761 0.039185
10 0.825915 0.750000 0.046197 0.039185
10 0.825915 0.692594 0.047324 0.038793
10 0.825352 0.577194 0.046197 0.039185
10 0.827715 0.513860 0.041910 0.041826
11 0.756620 0.751371 0.047324 0.040361
11 0.756056 0.694553 0.047324 0.038009
11 0.755493 0.636168 0.045070 0.039577
11 0.755775 0.577586 0.047887 0.039969
11 0.755493 0.513911 0.048451 0.039577
12 0.687324 0.751176 0.046197 0.038401
12 0.686197 0.694161 0.046197 0.038009
12 0.686197 0.635580 0.047324 0.037618
12 0.685070 0.514303 0.046197 0.039577
13 0.618873 0.752155 0.046761 0.039577
13 0.617746 0.694357 0.046761 0.037618
13 0.616901 0.635972 0.046197 0.038401
13 0.616901 0.577586 0.047324 0.037618
13 0.616901 0.515086 0.047324 0.037226
14 0.549859 0.868730 0.047324 0.039185
14 0.550423 0.811520 0.049577 0.038401
14 0.549577 0.752939 0.047887 0.038793
14 0.548451 0.694553 0.046761 0.037226
14 0.547887 0.636755 0.046761 0.039185
14 0.548056 0.578938 0.043718 0.039538
14 0.546479 0.515282 0.046197 0.039185
15 0.481690 0.813088 0.047324 0.040752
15 0.480845 0.753918 0.045634 0.039185
15 0.478873 0.695925 0.047324 0.038401
15 0.479437 0.637343 0.047324 0.039577
15 0.478873 0.578566 0.047324 0.038793
15 0.479155 0.515870 0.046761 0.038793
16 0.410704 0.813284 0.047324 0.038009
16 0.410141 0.753723 0.047324 0.038793
16 0.409859 0.696904 0.047887 0.037226
16 0.408169 0.638715 0.047887 0.038401
16 0.407606 0.579741 0.046761 0.038793
16 0.407606 0.516262 0.046761 0.039577
17 0.339437 0.813871 0.046761 0.037618
17 0.339718 0.754114 0.047324 0.038009
17 0.336901 0.697884 0.048451 0.037618
17 0.335775 0.640478 0.050704 0.040361
17 0.337183 0.580525 0.046761 0.038793
17 0.335493 0.516850 0.046761 0.039969
18 0.268732 0.639890 0.046197 0.039185
18 0.267042 0.579937 0.046197 0.038401
18 0.265915 0.516458 0.046197 0.039185
19 0.199437 0.698668 0.048451 0.038401
19 0.198873 0.640674 0.048451 0.038401
19 0.198028 0.581113 0.046761 0.038401
19 0.196901 0.517045 0.046761 0.038793
20 0.140563 0.879502 0.088451 0.076403
