0 0.232191 0.196822 0.035167 0.046044
1 0.231966 0.266861 0.034716 0.049935
2 0.230388 0.336900 0.034265 0.048638
3 0.230613 0.407588 0.032913 0.048638
4 0.230388 0.476329 0.033363 0.052529
5 0.229937 0.546693 0.033363 0.050584
6 0.229035 0.617056 0.034265 0.049935
7 0.228584 0.688067 0.031560 0.047990
8 0.226555 0.759079 0.035618 0.048638
9 0.225203 0.829118 0.035618 0.048638
10 0.517809 0.197147 0.039225 0.046693
10 0.581380 0.198444 0.040126 0.046693
10 0.697024 0.201686 0.038774 0.046693
10 0.754509 0.202659 0.039225 0.047341
10 0.812894 0.204929 0.038774 0.046693
11 0.517133 0.266861 0.039675 0.047341
11 0.580478 0.269131 0.038323 0.046693
11 0.639315 0.270752 0.038774 0.046044
11 0.696123 0.272049 0.036970 0.046044
11 0.753607 0.274319 0.040126 0.047990
12 0.516231 0.337224 0.039675 0.046693
12 0.638188 0.340467 0.038323 0.046693
12 0.694995 0.342412 0.037421 0.045396
12 0.752480 0.343061 0.038774 0.045396
13 0.515780 0.404669 0.039675 0.049287
13 0.579125 0.407263 0.037421 0.046693
13 0.637286 0.409209 0.038323 0.049287
13 0.694094 0.410830 0.038323 0.046044
13 0.751803 0.411479 0.039225 0.046044
14 0.514878 0.475032 0.038774 0.046044
14 0.578224 0.475681 0.036519 0.047341
14 0.636384 0.477951 0.039225 0.046693
14 0.693417 0.478923 0.037872 0.046044
14 0.751578 0.479896 0.038774 0.045396
14 0.809062 0.480545 0.038323 0.045396
14 0.867674 0.481842 0.040126 0.045396
15 0.513751 0.542153 0.038323 0.047990
15 0.577322 0.545720 0.037421 0.051232
15 0.636159 0.547341 0.039675 0.047990
15 0.692741 0.547990 0.037421 0.047990
15 0.750451 0.548638 0.039225 0.046693
15 0.808611 0.549935 0.038323 0.046693
16 0.513300 0.614137 0.038323 0.047990
16 0.576871 0.615435 0.037421 0.046693
16 0.634581 0.616407 0.039225 0.046044
16 0.692741 0.617704 0.037421 0.046044
16 0.750000 0.618677 0.039225 0.046693
16 0.808386 0.619650 0.038774 0.044747
17 0.512399 0.683528 0.038323 0.045396
17 0.576420 0.685473 0.037421 0.049287
17 0.634130 0.686122 0.039225 0.046693
17 0.691614 0.686446 0.037872 0.046044
17 0.748873 0.688067 0.038774 0.045396
17 0.807710 0.689040 0.039225 0.044747
18 0.511497 0.751946 0.039225 0.046044
18 0.575518 0.753891 0.037421 0.047341
18 0.633679 0.753567 0.038323 0.045396
19 0.511722 0.820687 0.037872 0.046044
19 0.574617 0.821336 0.038323 0.046044
19 0.633228 0.822309 0.039225 0.046693
19 0.690712 0.823281 0.037872 0.046044
20 0.873760 0.888628 0.064022 0.072977
