0 0.778826 0.208211 0.050314 0.033505
1 0.708857 0.208027 0.048742 0.031664
2 0.640723 0.208395 0.047694 0.032401
3 0.572589 0.209131 0.048742 0.032401
4 0.504979 0.208947 0.049790 0.032032
5 0.436059 0.209315 0.048218 0.032769
6 0.366876 0.209315 0.049266 0.032032
7 0.296483 0.209131 0.047893 0.033137
8 0.228842 0.208947 0.046782 0.033505
9 0.157233 0.209867 0.050314 0.032401
10 0.822851 0.797680 0.049266 0.043814
10 0.819444 0.734536 0.049790 0.041973
10 0.814465 0.674521 0.050314 0.041237
10 0.807652 0.553940 0.048218 0.040869
10 0.803197 0.488770 0.047694 0.039396
11 0.747117 0.736193 0.047694 0.041605
11 0.742925 0.675258 0.047694 0.039764
11 0.738994 0.614691 0.048218 0.040133
11 0.735063 0.555044 0.047694 0.040133
11 0.733616 0.489866 0.042704 0.043060
12 0.674790 0.736745 0.048742 0.041973
12 0.671908 0.675994 0.048218 0.040501
12 0.667977 0.615427 0.048742 0.040869
12 0.661688 0.490979 0.047694 0.040133
13 0.604298 0.737666 0.048218 0.040869
13 0.603548 0.676261 0.054057 0.041035
13 0.598532 0.617084 0.047170 0.042710
13 0.595912 0.555781 0.047170 0.039396
13 0.593029 0.490979 0.048742 0.039396
14 0.537736 0.865795 0.049266 0.043814
14 0.535377 0.801362 0.048742 0.041605
14 0.532757 0.738770 0.047694 0.040869
14 0.530398 0.678019 0.048218 0.039396
14 0.527778 0.617636 0.047170 0.041605
14 0.525419 0.556517 0.047694 0.039396
14 0.522275 0.490795 0.049790 0.040501
15 0.463312 0.803756 0.049266 0.044919
15 0.461216 0.739323 0.047170 0.042710
15 0.459119 0.678571 0.047170 0.041237
15 0.458071 0.617268 0.049266 0.040133
15 0.456499 0.557437 0.048218 0.039764
15 0.453616 0.492452 0.045597 0.039396
16 0.389675 0.805228 0.048742 0.042710
16 0.389151 0.741532 0.049790 0.039764
16 0.388365 0.679860 0.052411 0.039396
16 0.387055 0.618373 0.049790 0.040133
16 0.382862 0.558174 0.048742 0.039028
16 0.382862 0.493373 0.046646 0.040501
17 0.316038 0.806333 0.053459 0.038292
17 0.314203 0.741716 0.050839 0.040133
17 0.311845 0.680781 0.053459 0.040501
17 0.313155 0.619661 0.047694 0.039764
17 0.312107 0.558910 0.046646 0.039028
17 0.311321 0.494293 0.047170 0.039396
18 0.242925 0.620214 0.046646 0.040869
18 0.242138 0.559278 0.047170 0.039028
18 0.241876 0.495029 0.045597 0.040133
19 0.171384 0.682437 0.050314 0.040869
19 0.171122 0.620950 0.048742 0.040133
19 0.171646 0.559831 0.047694 0.040133
19 0.171646 0.494661 0.048742 0.039396
20 0.104560 0.879777 0.088574 0.071042
